,Date,User,XP,Event
0,1-5-2021,1094,5,fall
1,1-5-2021,1094,5,addRecipesDye
2,1-5-2021,1094,5,miningPlayerEntId
3,1-5-2021,1094,5,addRecipesDyefood
4,1-5-2021,1094,5,getCraftingResult
5,1-5-2021,1094,5,findPlayerToAttack
6,1-5-2021,1094,5,canPickUpLoot
7,1-5-2021,1094,5,applyArmorCalculations
8,1-5-2021,1094,5,getCraftingResult
9,1-5-2021,1094,5,fall
10,1-5-2021,1094,5,addRecipesWeapon
11,1-5-2021,1094,5,fall
12,1-5-2021,1094,5,addRecipesIngot
13,1-5-2021,1094,5,getEntityToAttack
14,1-5-2021,1094,5,procreate
15,1-5-2021,1094,5,addRecipesWeapon
16,1-5-2021,1094,5,canMineBlock
17,1-5-2021,1094,5,canBeSteered
18,1-5-2021,1094,5,getCraftingResult
19,1-5-2021,1094,5,addRecipesIngot
20,1-5-2021,1094,5,addRecipesTool
21,1-5-2021,1094,5,renderCrossedSquares
22,1-5-2021,1094,5,displayGUIWorkbench
23,1-5-2021,1094,5,isBreedingItem
24,1-5-2021,1094,5,findPlayerToAttack
25,1-5-2021,1094,5,displayGUIWorkbench
26,1-5-2021,1094,5,onCrafting
27,1-5-2021,1094,5,canMineBlock
28,1-5-2021,1094,5,aquaAffinity
29,1-5-2021,1094,5,onKillEntity
30,1-5-2021,1094,5,miningPlayerEntId
31,1-5-2021,1094,5,onCrafting
32,1-5-2021,1094,5,aquaAffinity
33,1-5-2021,1094,5,updateLeashedState
34,1-5-2021,1094,5,matches
35,1-5-2021,1094,5,procreate
36,1-5-2021,1094,5,onCrafting
37,1-5-2021,1094,5,isBreedingItem
38,1-5-2021,1094,5,canBeSteered
39,1-5-2021,1094,5,isInLove
40,1-5-2021,1094,5,procreate
41,1-5-2021,1094,5,fall
42,1-5-2021,1094,5,aquaAffinity
43,1-5-2021,1094,5,addRecipesIngot
44,1-5-2021,1094,5,updateLeashedState
45,1-5-2021,1094,5,renderCrossedSquares
46,1-5-2021,1094,5,aquaAffinity
47,1-5-2021,1094,5,fall
48,1-5-2021,1094,5,addRecipesTool
49,1-5-2021,1094,5,findPlayerToAttack
50,1-5-2021,1094,5,isBreedingItem
51,1-5-2021,1094,5,canBeSteered
52,1-5-2021,1094,5,isInLove
53,1-5-2021,1094,5,procreate
54,1-5-2021,1094,5,canPickUpLoot
55,1-5-2021,1094,5,setInventorySlotContents
56,1-5-2021,1094,5,addRecipesWeapon
57,1-5-2021,1094,5,getCraftingResult
58,1-5-2021,1094,5,canBeSteered
59,1-5-2021,1094,5,procreate
60,1-5-2021,1094,5,isBreedingItem
61,1-5-2021,1094,5,canBeSteered
62,1-5-2021,1094,5,isInLove
63,1-5-2021,1094,5,procreate
64,1-5-2021,1094,5,isInLove
65,1-5-2021,1094,5,matches
66,1-5-2021,1094,5,canMineBlock
67,1-5-2021,1094,5,miningPlayerEntId
68,1-5-2021,1094,5,aquaAffinity
69,1-5-2021,1094,5,aquaAffinity
70,1-5-2021,1094,5,renderCrossedSquares
71,1-5-2021,1094,5,isBreedingItem
72,1-5-2021,1094,5,canBeSteered
73,1-5-2021,1094,5,isInLove
74,1-5-2021,1094,5,procreate
75,1-5-2021,1094,5,attemptDamageItem
76,1-5-2021,1094,5,isBreedingItem
77,1-5-2021,1094,5,canBeSteered
78,1-5-2021,1094,5,isInLove
79,1-5-2021,1094,5,procreate
80,1-5-2021,1094,5,addRecipesIngot
81,1-5-2021,1094,5,procreate
82,1-5-2021,1094,5,addRecipesTool
83,1-5-2021,1094,5,onKillEntity
84,1-5-2021,1094,5,miningPlayerEntId
85,1-5-2021,1094,5,setInventorySlotContents
86,1-5-2021,1094,5,onKillEntity
87,1-5-2021,1094,5,miningPlayerEntId
88,1-5-2021,1094,5,miningPlayerEntId
89,1-5-2021,1094,5,aquaAffinity
90,1-5-2021,1094,5,isBreedingItem
91,1-5-2021,1094,5,canBeSteered
92,1-5-2021,1094,5,applyArmorCalculations
93,1-5-2021,1094,5,isInLove
94,1-5-2021,1094,5,updateLeashedState
95,1-5-2021,1094,5,getEntityToAttack
96,1-5-2021,1094,5,fall
97,1-5-2021,1094,5,initCraftableStats
98,1-5-2021,1094,5,procreate
99,1-5-2021,1094,5,miningPlayerEntId
100,1-5-2021,1094,5,attemptDamageItem
101,1-5-2021,1094,5,addRecipesDye
102,1-5-2021,1094,5,isBreedingItem
103,1-5-2021,1094,5,canBeSteered
104,1-5-2021,1094,5,isInLove
105,1-5-2021,1094,5,procreate
106,1-5-2021,1094,5,setInventorySlotContents
107,1-5-2021,1094,5,canBeSteered
108,1-5-2021,1094,5,attemptDamageItem
109,1-5-2021,1094,5,addRecipesTool
110,1-5-2021,1094,5,addRecipesCrafting
111,1-5-2021,1094,5,addRecipesDyefood
112,1-5-2021,1094,5,dropFewItems
113,1-5-2021,1094,5,isInLove
114,1-5-2021,1094,5,isBreedingItem
115,1-5-2021,1094,5,canBeSteered
116,1-5-2021,1094,5,isInLove
117,1-5-2021,1094,5,procreate
118,1-5-2021,1094,5,isBreedingItem
119,1-5-2021,1094,5,canBeSteered
120,1-5-2021,1094,5,isInLove
121,1-5-2021,1094,5,procreate
122,1-5-2021,1094,5,isBreedingItem
123,1-5-2021,1094,5,canBeSteered
124,1-5-2021,1094,5,isInLove
125,1-5-2021,1094,5,procreate
126,1-5-2021,1094,5,canMineBlock
127,1-5-2021,1094,5,isBreedingItem
128,1-5-2021,1094,5,canBeSteered
129,1-5-2021,1094,5,isInLove
130,1-5-2021,1094,5,procreate
131,1-5-2021,1094,5,aquaAffinity
132,1-5-2021,1094,5,getCraftingResult
133,1-5-2021,1094,5,setInventorySlotContents
134,1-5-2021,1094,5,fall
135,1-5-2021,1094,5,isBreedingItem
136,1-5-2021,1094,5,canBeSteered
137,1-5-2021,1094,5,isInLove
138,1-5-2021,1094,5,procreate
139,1-5-2021,1094,5,updateLeashedState
140,1-5-2021,1094,5,miningPlayerEntId
141,1-5-2021,1094,5,addRecipesCrafting
142,1-5-2021,1094,5,setInventorySlotContents
143,1-5-2021,1094,5,addRecipesCrafting
144,1-5-2021,1094,5,canBeSteered
145,1-5-2021,1094,5,getEntityToAttack
146,1-5-2021,1094,5,procreate
147,1-5-2021,1094,5,isBreedingItem
148,1-5-2021,1094,5,canBeSteered
149,1-5-2021,1094,5,isInLove
150,1-5-2021,1094,5,procreate
151,1-5-2021,1094,5,initCraftableStats
152,1-5-2021,1094,5,applyArmorCalculations
153,1-5-2021,1094,5,addRecipesCrafting
154,1-5-2021,1094,5,displayGUIWorkbench
155,1-5-2021,1094,5,isBreedingItem
156,1-5-2021,1094,5,canBeSteered
157,1-5-2021,1094,5,isInLove
158,1-5-2021,1094,5,procreate
159,1-5-2021,1094,5,isInLove
160,1-5-2021,1094,5,onKillEntity
161,1-5-2021,1094,5,addRecipesIngot
162,1-5-2021,1094,5,isBreedingItem
163,1-5-2021,1094,5,canBeSteered
164,1-5-2021,1094,5,isInLove
165,1-5-2021,1094,5,procreate
166,1-5-2021,1094,5,attemptDamageItem
167,1-5-2021,1094,5,attemptDamageItem
168,1-5-2021,1094,5,addRecipesDyefood
169,1-5-2021,1094,5,addRecipesWeapon
170,1-5-2021,1094,5,canBeSteered
171,1-5-2021,1094,5,setInventorySlotContents
172,1-5-2021,1094,5,canMineBlock
173,1-5-2021,1094,5,isBreedingItem
174,1-5-2021,1094,5,canBeSteered
175,1-5-2021,1094,5,isInLove
176,1-5-2021,1094,5,procreate
177,1-5-2021,1094,5,canMineBlock
178,1-5-2021,1094,5,dropFewItems
179,1-5-2021,1094,5,addRecipesIngot
180,1-5-2021,1094,5,getCraftingResult
181,1-5-2021,1094,5,applyArmorCalculations
182,1-5-2021,1094,5,isBreedingItem
183,1-5-2021,1094,5,canBeSteered
184,1-5-2021,1094,5,isInLove
185,1-5-2021,1094,5,procreate
186,1-5-2021,1094,5,updateLeashedState
187,1-5-2021,1094,5,procreate
188,1-5-2021,1094,5,onCrafting
189,1-5-2021,1094,5,addRecipesIngot
190,1-5-2021,1094,5,setInventorySlotContents
191,1-5-2021,1094,5,updateLeashedState
192,1-5-2021,1094,5,addRecipesDye
193,1-5-2021,1094,5,displayGUIWorkbench
194,1-5-2021,1094,5,renderCrossedSquares
195,1-5-2021,1094,5,attemptDamageItem
196,1-5-2021,1094,5,applyArmorCalculations
197,1-5-2021,1094,5,addRecipesDye
198,1-5-2021,1094,5,procreate
199,1-5-2021,1094,5,isInLove
200,1-5-2021,1094,5,applyArmorCalculations
201,1-5-2021,1094,5,addRecipesDye
202,1-5-2021,1094,5,canBeSteered
203,1-5-2021,1094,5,matches
204,1-5-2021,1094,5,miningPlayerEntId
205,1-5-2021,1094,5,initCraftableStats
206,1-5-2021,1094,5,isBreedingItem
207,1-5-2021,1094,5,dropFewItems
208,1-5-2021,1094,5,onCrafting
209,1-5-2021,1094,5,addRecipesDyefood
210,1-5-2021,1094,5,canPickUpLoot
211,1-5-2021,1094,5,addRecipesDye
212,1-5-2021,1094,5,fall
213,1-5-2021,1094,5,isBreedingItem
214,1-5-2021,1094,5,canBeSteered
215,1-5-2021,1094,5,isInLove
216,1-5-2021,1094,5,procreate
217,1-5-2021,1094,5,initCraftableStats
218,1-5-2021,1094,5,initCraftableStats
219,1-5-2021,1094,5,initCraftableStats
220,1-5-2021,1094,5,isBreedingItem
221,1-5-2021,1094,5,canBeSteered
222,1-5-2021,1094,5,isInLove
223,1-5-2021,1094,5,procreate
224,1-5-2021,1094,5,isBreedingItem
225,1-5-2021,1094,5,canBeSteered
226,1-5-2021,1094,5,isInLove
227,1-5-2021,1094,5,procreate
228,1-5-2021,1094,5,fall
229,1-5-2021,1094,5,canBeSteered
230,1-5-2021,1094,5,isBreedingItem
231,1-5-2021,1094,5,canBeSteered
232,1-5-2021,1094,5,isInLove
233,1-5-2021,1094,5,procreate
234,1-5-2021,1094,5,miningPlayerEntId
235,1-5-2021,1094,5,fall
236,1-5-2021,1094,5,isBreedingItem
237,1-5-2021,1094,5,onCrafting
238,1-5-2021,1094,5,addRecipesCrafting
239,1-5-2021,1094,5,attemptDamageItem
240,1-5-2021,1094,5,renderCrossedSquares
241,1-5-2021,1094,5,canMineBlock
242,1-5-2021,1094,5,matches
243,1-5-2021,1094,5,isBreedingItem
244,1-5-2021,1094,5,canBeSteered
245,1-5-2021,1094,5,isInLove
246,1-5-2021,1094,5,procreate
247,1-5-2021,1094,5,getEntityToAttack
248,1-5-2021,1094,5,isBreedingItem
249,1-5-2021,1094,5,canBeSteered
250,1-5-2021,1094,5,isInLove
251,1-5-2021,1094,5,procreate
252,1-5-2021,1094,5,addRecipesDye
253,1-5-2021,1094,5,isInLove
254,1-5-2021,1094,5,renderCrossedSquares
255,1-5-2021,1094,5,updateLeashedState
256,1-5-2021,1094,5,addRecipesIngot
257,1-5-2021,1094,5,fall
258,1-5-2021,1094,5,isBreedingItem
259,1-5-2021,1094,5,doesContainerItemLeaveCraftingGrid
260,1-5-2021,1094,5,renderCrossedSquares
261,1-5-2021,1094,5,addRecipesDye
262,1-5-2021,1094,5,matches
263,1-5-2021,1094,5,onCrafting
264,1-5-2021,1094,5,canMineBlock
265,1-5-2021,1094,5,canBeSteered
266,1-5-2021,1094,5,findPlayerToAttack
267,1-5-2021,1094,5,findPlayerToAttack
268,1-5-2021,1094,5,applyArmorCalculations
269,1-5-2021,1094,5,addRecipesWeapon
270,1-5-2021,1094,5,isBreedingItem
271,1-5-2021,1094,5,canBeSteered
272,1-5-2021,1094,5,isInLove
273,1-5-2021,1094,5,procreate
274,1-5-2021,1094,5,matches
275,1-5-2021,1094,5,addRecipesIngot
276,1-5-2021,1094,5,applyArmorCalculations
277,1-5-2021,1094,5,canMineBlock
278,1-5-2021,1094,5,addRecipesDyefood
279,1-5-2021,1094,5,addRecipesIngot
280,1-5-2021,1094,5,addRecipesCrafting
281,1-5-2021,1094,5,attemptDamageItem
282,1-5-2021,1094,5,isBreedingItem
283,1-5-2021,1094,5,initCraftableStats
284,1-5-2021,1094,5,onCrafting
285,1-5-2021,1094,5,attemptDamageItem
286,1-5-2021,1094,5,addRecipesWeapon
287,1-5-2021,1094,5,matches
288,1-5-2021,1094,5,addRecipesWeapon
289,1-5-2021,1094,5,initCraftableStats
290,1-5-2021,1094,5,fall
291,1-5-2021,1094,5,setInventorySlotContents
292,1-5-2021,1094,5,onKillEntity
293,1-5-2021,1094,5,displayGUIWorkbench
294,1-5-2021,1094,5,miningPlayerEntId
295,1-5-2021,1094,5,procreate
296,1-5-2021,1094,5,isBreedingItem
297,1-5-2021,1094,5,canBeSteered
298,1-5-2021,1094,5,isInLove
299,1-5-2021,1094,5,procreate
300,2-5-2021,1094,5,addRecipesCrafting
301,2-5-2021,1094,5,addRecipesIngot
302,2-5-2021,1094,5,getCraftingResult
303,2-5-2021,1094,5,addRecipesIngot
304,2-5-2021,1094,5,canPickUpLoot
305,2-5-2021,1094,5,miningPlayerEntId
306,2-5-2021,1094,5,addRecipesDyefood
307,2-5-2021,1094,5,displayGUIWorkbench
308,2-5-2021,1094,5,addRecipesDyefood
309,2-5-2021,1094,5,canBeSteered
310,2-5-2021,1094,5,canPickUpLoot
311,2-5-2021,1094,5,applyArmorCalculations
312,2-5-2021,1094,5,onKillEntity
313,2-5-2021,1094,5,fall
314,2-5-2021,1094,5,addRecipesDyefood
315,2-5-2021,1094,5,addRecipesCrafting
316,2-5-2021,1094,5,displayGUIWorkbench
317,2-5-2021,1094,5,renderCrossedSquares
318,2-5-2021,1094,5,initCraftableStats
319,2-5-2021,1094,5,renderCrossedSquares
320,2-5-2021,1094,5,matches
321,2-5-2021,1094,5,addRecipesIngot
322,2-5-2021,1094,5,displayGUIWorkbench
323,2-5-2021,1094,5,onCrafting
324,2-5-2021,1094,5,fall
325,2-5-2021,1094,5,addRecipesDye
326,2-5-2021,1094,5,addRecipesDye
327,2-5-2021,1094,5,setInventorySlotContents
328,2-5-2021,1094,5,getEntityToAttack
329,2-5-2021,1094,5,isInLove
330,2-5-2021,1094,5,canPickUpLoot
331,2-5-2021,1094,5,getCraftingResult
332,2-5-2021,1094,5,fall
333,2-5-2021,1094,5,canBeSteered
334,2-5-2021,1094,5,fall
335,2-5-2021,1094,5,procreate
336,2-5-2021,1094,5,initCraftableStats
337,2-5-2021,1094,5,dropFewItems
338,2-5-2021,1094,5,renderCrossedSquares
339,2-5-2021,1094,5,isInLove
340,2-5-2021,1094,5,addRecipesCrafting
341,2-5-2021,1094,5,addRecipesIngot
342,2-5-2021,1094,5,onKillEntity
343,2-5-2021,1094,5,attemptDamageItem
344,2-5-2021,1094,5,addRecipesDyefood
345,2-5-2021,1094,5,isInLove
346,2-5-2021,1094,5,canMineBlock
347,2-5-2021,1094,5,renderCrossedSquares
348,2-5-2021,1094,5,onKillEntity
349,2-5-2021,1094,5,fall
350,2-5-2021,1094,5,updateLeashedState
351,2-5-2021,1094,5,canMineBlock
352,2-5-2021,1094,5,findPlayerToAttack
353,2-5-2021,1094,5,procreate
354,2-5-2021,1094,5,canPickUpLoot
355,2-5-2021,1094,5,addRecipesDye
356,2-5-2021,1094,5,miningPlayerEntId
357,2-5-2021,1094,5,addRecipesTool
358,2-5-2021,1094,5,updateLeashedState
359,2-5-2021,1094,5,miningPlayerEntId
360,2-5-2021,1094,5,fall
361,2-5-2021,1094,5,attemptDamageItem
362,2-5-2021,1094,5,attemptDamageItem
363,2-5-2021,1094,5,canBeSteered
364,2-5-2021,1094,5,getCraftingResult
365,2-5-2021,1094,5,getEntityToAttack
366,2-5-2021,1094,5,addRecipesWeapon
367,2-5-2021,1094,5,canMineBlock
368,2-5-2021,1094,5,addRecipesIngot
369,2-5-2021,1094,5,doesContainerItemLeaveCraftingGrid
370,2-5-2021,1094,5,renderCrossedSquares
371,2-5-2021,1094,5,initCraftableStats
372,2-5-2021,1094,5,addRecipesTool
373,2-5-2021,1094,5,addRecipesTool
374,2-5-2021,1094,5,addRecipesTool
375,2-5-2021,1094,5,addRecipesTool
376,2-5-2021,1094,5,updateLeashedState
377,2-5-2021,1094,5,matches
378,2-5-2021,1094,5,canPickUpLoot
379,2-5-2021,1094,5,displayGUIWorkbench
380,2-5-2021,1094,5,canPickUpLoot
381,2-5-2021,1094,5,updateLeashedState
382,2-5-2021,1094,5,addRecipesCrafting
383,2-5-2021,1094,5,setInventorySlotContents
384,2-5-2021,1094,5,addRecipesDyefood
385,2-5-2021,1094,5,displayGUIWorkbench
386,2-5-2021,1094,5,procreate
387,2-5-2021,1094,5,isInLove
388,2-5-2021,1094,5,isBreedingItem
389,2-5-2021,1094,5,displayGUIWorkbench
390,2-5-2021,1094,5,applyArmorCalculations
391,2-5-2021,1094,5,addRecipesCrafting
392,2-5-2021,1094,5,initCraftableStats
393,2-5-2021,1094,5,addRecipesDyefood
394,2-5-2021,1094,5,addRecipesDye
395,2-5-2021,1094,5,addRecipesTool
396,2-5-2021,1094,5,isInLove
397,2-5-2021,1094,5,initCraftableStats
398,2-5-2021,1094,5,attemptDamageItem
399,2-5-2021,1094,5,getEntityToAttack
400,2-5-2021,1094,5,renderCrossedSquares
401,2-5-2021,1094,5,applyArmorCalculations
402,2-5-2021,1094,5,addRecipesDyefood
403,2-5-2021,1094,5,getCraftingResult
404,2-5-2021,1094,5,updateLeashedState
405,2-5-2021,1094,5,setInventorySlotContents
406,2-5-2021,1094,5,findPlayerToAttack
407,2-5-2021,1094,5,initCraftableStats
408,2-5-2021,1094,5,addRecipesWeapon
409,2-5-2021,1094,5,renderCrossedSquares
410,2-5-2021,1094,5,isInLove
411,2-5-2021,1094,5,getCraftingResult
412,2-5-2021,1094,5,aquaAffinity
413,2-5-2021,1094,5,addRecipesIngot
414,2-5-2021,1094,5,dropFewItems
415,2-5-2021,1094,5,doesContainerItemLeaveCraftingGrid
416,2-5-2021,1094,5,addRecipesDyefood
417,2-5-2021,1094,5,doesContainerItemLeaveCraftingGrid
418,2-5-2021,1094,5,canPickUpLoot
419,2-5-2021,1094,5,renderCrossedSquares
420,2-5-2021,1094,5,canBeSteered
421,2-5-2021,1094,5,initCraftableStats
422,2-5-2021,1094,5,matches
423,2-5-2021,1094,5,addRecipesDye
424,2-5-2021,1094,5,fall
425,2-5-2021,1094,5,addRecipesIngot
426,2-5-2021,1094,5,addRecipesWeapon
427,2-5-2021,1094,5,onKillEntity
428,2-5-2021,1094,5,doesContainerItemLeaveCraftingGrid
429,2-5-2021,1094,5,doesContainerItemLeaveCraftingGrid
430,2-5-2021,1094,5,renderCrossedSquares
431,2-5-2021,1094,5,dropFewItems
432,2-5-2021,1094,5,canPickUpLoot
433,2-5-2021,1094,5,isBreedingItem
434,2-5-2021,1094,5,canMineBlock
435,2-5-2021,1094,5,onKillEntity
436,2-5-2021,1094,5,onKillEntity
437,2-5-2021,1094,5,getCraftingResult
438,2-5-2021,1094,5,addRecipesDye
439,2-5-2021,1094,5,updateLeashedState
440,2-5-2021,1094,5,procreate
441,2-5-2021,1094,5,isBreedingItem
442,2-5-2021,1094,5,isBreedingItem
443,2-5-2021,1094,5,findPlayerToAttack
444,2-5-2021,1094,5,addRecipesTool
445,2-5-2021,1094,5,fall
446,2-5-2021,1094,5,onCrafting
447,2-5-2021,1094,5,miningPlayerEntId
448,2-5-2021,1094,5,initCraftableStats
449,2-5-2021,1094,5,applyArmorCalculations
450,2-5-2021,1094,5,findPlayerToAttack
451,2-5-2021,1094,5,findPlayerToAttack
452,2-5-2021,1094,5,renderCrossedSquares
453,2-5-2021,1094,5,addRecipesWeapon
454,2-5-2021,1094,5,canPickUpLoot
455,2-5-2021,1094,5,canBeSteered
456,2-5-2021,1094,5,onCrafting
457,2-5-2021,1094,5,miningPlayerEntId
458,2-5-2021,1094,5,addRecipesDye
459,2-5-2021,1094,5,addRecipesDyefood
460,2-5-2021,1094,5,updateLeashedState
461,2-5-2021,1094,5,onCrafting
462,2-5-2021,1094,5,fall
463,2-5-2021,1094,5,doesContainerItemLeaveCraftingGrid
464,2-5-2021,1094,5,renderCrossedSquares
465,2-5-2021,1094,5,applyArmorCalculations
466,2-5-2021,1094,5,miningPlayerEntId
467,2-5-2021,1094,5,addRecipesTool
468,2-5-2021,1094,5,onKillEntity
469,2-5-2021,1094,5,fall
470,2-5-2021,1094,5,canMineBlock
471,2-5-2021,1094,5,updateLeashedState
472,2-5-2021,1094,5,canMineBlock
473,2-5-2021,1094,5,attemptDamageItem
474,2-5-2021,1094,5,applyArmorCalculations
475,2-5-2021,1094,5,canPickUpLoot
476,2-5-2021,1094,5,addRecipesCrafting
477,2-5-2021,1094,5,displayGUIWorkbench
478,2-5-2021,1094,5,getCraftingResult
479,2-5-2021,1094,5,addRecipesDye
480,2-5-2021,1094,5,dropFewItems
481,2-5-2021,1094,5,initCraftableStats
482,2-5-2021,1094,5,canPickUpLoot
483,2-5-2021,1094,5,miningPlayerEntId
484,2-5-2021,1094,5,getCraftingResult
485,2-5-2021,1094,5,getCraftingResult
486,2-5-2021,1094,5,miningPlayerEntId
487,2-5-2021,1094,5,addRecipesDye
488,2-5-2021,1094,5,addRecipesTool
489,2-5-2021,1094,5,fall
490,2-5-2021,1094,5,canMineBlock
491,2-5-2021,1094,5,fall
492,2-5-2021,1094,5,initCraftableStats
493,2-5-2021,1094,5,findPlayerToAttack
494,2-5-2021,1094,5,applyArmorCalculations
495,2-5-2021,1094,5,isInLove
496,2-5-2021,1094,5,miningPlayerEntId
497,2-5-2021,1094,5,initCraftableStats
498,2-5-2021,1094,5,isInLove
499,2-5-2021,1094,5,canPickUpLoot
500,2-5-2021,1094,5,addRecipesIngot
501,2-5-2021,1094,5,doesContainerItemLeaveCraftingGrid
502,2-5-2021,1094,5,findPlayerToAttack
503,2-5-2021,1094,5,addRecipesDyefood
504,2-5-2021,1094,5,addRecipesCrafting
505,2-5-2021,1094,5,matches
506,2-5-2021,1094,5,canMineBlock
507,2-5-2021,1094,5,dropFewItems
508,2-5-2021,1094,5,fall
509,2-5-2021,1094,5,addRecipesIngot
510,2-5-2021,1094,5,displayGUIWorkbench
511,2-5-2021,1094,5,addRecipesWeapon
512,2-5-2021,1094,5,addRecipesIngot
513,2-5-2021,1094,5,getCraftingResult
514,2-5-2021,1094,5,aquaAffinity
515,2-5-2021,1094,5,isBreedingItem
516,2-5-2021,1094,5,doesContainerItemLeaveCraftingGrid
517,2-5-2021,1094,5,attemptDamageItem
518,2-5-2021,1094,5,fall
519,2-5-2021,1094,5,dropFewItems
520,2-5-2021,1094,5,matches
521,2-5-2021,1094,5,addRecipesDyefood
522,2-5-2021,1094,5,isInLove
523,2-5-2021,1094,5,findPlayerToAttack
524,2-5-2021,1094,5,miningPlayerEntId
525,2-5-2021,1094,5,isInLove
526,2-5-2021,1094,5,addRecipesTool
527,2-5-2021,1094,5,aquaAffinity
528,2-5-2021,1094,5,displayGUIWorkbench
529,2-5-2021,1094,5,getEntityToAttack
530,2-5-2021,1094,5,isInLove
531,2-5-2021,1094,5,findPlayerToAttack
532,2-5-2021,1094,5,isBreedingItem
533,2-5-2021,1094,5,displayGUIWorkbench
534,2-5-2021,1094,5,canMineBlock
535,2-5-2021,1094,5,findPlayerToAttack
536,2-5-2021,1094,5,addRecipesCrafting
537,2-5-2021,1094,5,applyArmorCalculations
538,2-5-2021,1094,5,addRecipesDye
539,2-5-2021,1094,5,addRecipesDyefood
540,2-5-2021,1094,5,initCraftableStats
541,2-5-2021,1094,5,canMineBlock
542,2-5-2021,1094,5,addRecipesWeapon
543,2-5-2021,1094,5,addRecipesDye
544,2-5-2021,1094,5,fall
545,2-5-2021,1094,5,canBeSteered
546,2-5-2021,1094,5,aquaAffinity
547,2-5-2021,1094,5,findPlayerToAttack
548,2-5-2021,1094,5,dropFewItems
549,2-5-2021,1094,5,addRecipesDyefood
550,2-5-2021,1094,5,miningPlayerEntId
551,2-5-2021,1094,5,addRecipesIngot
552,2-5-2021,1094,5,miningPlayerEntId
553,2-5-2021,1094,5,displayGUIWorkbench
554,2-5-2021,1094,5,updateLeashedState
555,2-5-2021,1094,5,renderCrossedSquares
556,2-5-2021,1094,5,matches
557,2-5-2021,1094,5,fall
558,2-5-2021,1094,5,canPickUpLoot
559,2-5-2021,1094,5,onCrafting
560,2-5-2021,1094,5,addRecipesTool
561,2-5-2021,1094,5,isInLove
562,2-5-2021,1094,5,dropFewItems
563,2-5-2021,1094,5,setInventorySlotContents
564,2-5-2021,1094,5,doesContainerItemLeaveCraftingGrid
565,2-5-2021,1094,5,miningPlayerEntId
566,2-5-2021,1094,5,updateLeashedState
567,2-5-2021,1094,5,updateLeashedState
568,2-5-2021,1094,5,dropFewItems
569,2-5-2021,1094,5,miningPlayerEntId
570,2-5-2021,1094,5,displayGUIWorkbench
571,2-5-2021,1094,5,addRecipesWeapon
572,2-5-2021,1094,5,updateLeashedState
573,2-5-2021,1094,5,addRecipesDyefood
574,2-5-2021,1094,5,canBeSteered
575,2-5-2021,1094,5,addRecipesDye
576,2-5-2021,1094,5,procreate
577,2-5-2021,1094,5,setInventorySlotContents
578,2-5-2021,1094,5,doesContainerItemLeaveCraftingGrid
579,2-5-2021,1094,5,initCraftableStats
580,2-5-2021,1094,5,onKillEntity
581,2-5-2021,1094,5,fall
582,2-5-2021,1094,5,addRecipesCrafting
583,2-5-2021,1094,5,miningPlayerEntId
584,2-5-2021,1094,5,addRecipesDye
585,2-5-2021,1094,5,doesContainerItemLeaveCraftingGrid
586,2-5-2021,1094,5,addRecipesDye
587,2-5-2021,1094,5,applyArmorCalculations
588,2-5-2021,1094,5,attemptDamageItem
589,2-5-2021,1094,5,addRecipesTool
590,2-5-2021,1094,5,aquaAffinity
591,2-5-2021,1094,5,canPickUpLoot
592,2-5-2021,1094,5,attemptDamageItem
593,2-5-2021,1094,5,addRecipesDye
594,2-5-2021,1094,5,dropFewItems
595,2-5-2021,1094,5,isBreedingItem
596,2-5-2021,1094,5,attemptDamageItem
597,2-5-2021,1094,5,fall
598,2-5-2021,1094,5,canPickUpLoot
599,2-5-2021,1094,5,addRecipesWeapon
600,3-5-2021,1094,5,miningPlayerEntId
601,3-5-2021,1094,5,findPlayerToAttack
602,3-5-2021,1094,5,addRecipesIngot
603,3-5-2021,1094,5,matches
604,3-5-2021,1094,5,onCrafting
605,3-5-2021,1094,5,addRecipesTool
606,3-5-2021,1094,5,getEntityToAttack
607,3-5-2021,1094,5,procreate
608,3-5-2021,1094,5,addRecipesIngot
609,3-5-2021,1094,5,addRecipesTool
610,3-5-2021,1094,5,canPickUpLoot
611,3-5-2021,1094,5,displayGUIWorkbench
612,3-5-2021,1094,5,addRecipesDye
613,3-5-2021,1094,5,onCrafting
614,3-5-2021,1094,5,initCraftableStats
615,3-5-2021,1094,5,canPickUpLoot
616,3-5-2021,1094,5,onCrafting
617,3-5-2021,1094,5,canMineBlock
618,3-5-2021,1094,5,canBeSteered
619,3-5-2021,1094,5,addRecipesDye
620,3-5-2021,1094,5,getCraftingResult
621,3-5-2021,1094,5,procreate
622,3-5-2021,1094,5,getEntityToAttack
623,3-5-2021,1094,5,displayGUIWorkbench
624,3-5-2021,1094,5,setInventorySlotContents
625,3-5-2021,1094,5,isInLove
626,3-5-2021,1094,5,addRecipesIngot
627,3-5-2021,1094,5,attemptDamageItem
628,3-5-2021,1094,5,renderCrossedSquares
629,3-5-2021,1094,5,setInventorySlotContents
630,3-5-2021,1094,5,aquaAffinity
631,3-5-2021,1094,5,getCraftingResult
632,3-5-2021,1094,5,doesContainerItemLeaveCraftingGrid
633,3-5-2021,1094,5,attemptDamageItem
634,3-5-2021,1094,5,canPickUpLoot
635,3-5-2021,1094,5,addRecipesDyefood
636,3-5-2021,1094,5,canPickUpLoot
637,3-5-2021,1094,5,procreate
638,3-5-2021,1094,5,findPlayerToAttack
639,3-5-2021,1094,5,setInventorySlotContents
640,3-5-2021,1094,5,updateLeashedState
641,3-5-2021,1094,5,displayGUIWorkbench
642,3-5-2021,1094,5,fall
643,3-5-2021,1094,5,canPickUpLoot
644,3-5-2021,1094,5,addRecipesWeapon
645,3-5-2021,1094,5,dropFewItems
646,3-5-2021,1094,5,onKillEntity
647,3-5-2021,1094,5,findPlayerToAttack
648,3-5-2021,1094,5,renderCrossedSquares
649,3-5-2021,1094,5,canPickUpLoot
650,3-5-2021,1094,5,aquaAffinity
651,3-5-2021,1094,5,canBeSteered
652,3-5-2021,1094,5,canPickUpLoot
653,3-5-2021,1094,5,isInLove
654,3-5-2021,1094,5,canPickUpLoot
655,3-5-2021,1094,5,isBreedingItem
656,3-5-2021,1094,5,addRecipesWeapon
657,3-5-2021,1094,5,canBeSteered
658,3-5-2021,1094,5,miningPlayerEntId
659,3-5-2021,1094,5,aquaAffinity
660,3-5-2021,1094,5,attemptDamageItem
661,3-5-2021,1094,5,addRecipesDyefood
662,3-5-2021,1094,5,addRecipesIngot
663,3-5-2021,1094,5,onCrafting
664,3-5-2021,1094,5,setInventorySlotContents
665,3-5-2021,1094,5,canMineBlock
666,3-5-2021,1094,5,applyArmorCalculations
667,3-5-2021,1094,5,miningPlayerEntId
668,3-5-2021,1094,5,onCrafting
669,3-5-2021,1094,5,matches
670,3-5-2021,1094,5,dropFewItems
671,3-5-2021,1094,5,fall
672,3-5-2021,1094,5,miningPlayerEntId
673,3-5-2021,1094,5,doesContainerItemLeaveCraftingGrid
674,3-5-2021,1094,5,isInLove
675,3-5-2021,1094,5,addRecipesDyefood
676,3-5-2021,1094,5,setInventorySlotContents
677,3-5-2021,1094,5,doesContainerItemLeaveCraftingGrid
678,3-5-2021,1094,5,applyArmorCalculations
679,3-5-2021,1094,5,displayGUIWorkbench
680,3-5-2021,1094,5,updateLeashedState
681,3-5-2021,1094,5,canBeSteered
682,3-5-2021,1094,5,aquaAffinity
683,3-5-2021,1094,5,findPlayerToAttack
684,3-5-2021,1094,5,fall
685,3-5-2021,1094,5,addRecipesDyefood
686,3-5-2021,1094,5,procreate
687,3-5-2021,1094,5,renderCrossedSquares
688,3-5-2021,1094,5,updateLeashedState
689,3-5-2021,1094,5,dropFewItems
690,3-5-2021,1094,5,canMineBlock
691,3-5-2021,1094,5,updateLeashedState
692,3-5-2021,1094,5,displayGUIWorkbench
693,3-5-2021,1094,5,addRecipesTool
694,3-5-2021,1094,5,addRecipesCrafting
695,3-5-2021,1094,5,displayGUIWorkbench
696,3-5-2021,1094,5,dropFewItems
697,3-5-2021,1094,5,fall
698,3-5-2021,1094,5,addRecipesWeapon
699,3-5-2021,1094,5,onCrafting
700,3-5-2021,1094,5,attemptDamageItem
701,3-5-2021,1094,5,displayGUIWorkbench
702,3-5-2021,1094,5,procreate
703,3-5-2021,1094,5,setInventorySlotContents
704,3-5-2021,1094,5,isInLove
705,3-5-2021,1094,5,addRecipesWeapon
706,3-5-2021,1094,5,doesContainerItemLeaveCraftingGrid
707,3-5-2021,1094,5,renderCrossedSquares
708,3-5-2021,1094,5,doesContainerItemLeaveCraftingGrid
709,3-5-2021,1094,5,addRecipesDyefood
710,3-5-2021,1094,5,initCraftableStats
711,3-5-2021,1094,5,displayGUIWorkbench
712,3-5-2021,1094,5,updateLeashedState
713,3-5-2021,1094,5,renderCrossedSquares
714,3-5-2021,1094,5,procreate
715,3-5-2021,1094,5,matches
716,3-5-2021,1094,5,onKillEntity
717,3-5-2021,1094,5,addRecipesDyefood
718,3-5-2021,1094,5,isBreedingItem
719,3-5-2021,1094,5,isInLove
720,3-5-2021,1094,5,getCraftingResult
721,3-5-2021,1094,5,attemptDamageItem
722,3-5-2021,1094,5,matches
723,3-5-2021,1094,5,addRecipesCrafting
724,3-5-2021,1094,5,miningPlayerEntId
725,3-5-2021,1094,5,procreate
726,3-5-2021,1094,5,miningPlayerEntId
727,3-5-2021,1094,5,isBreedingItem
728,3-5-2021,1094,5,procreate
729,3-5-2021,1094,5,initCraftableStats
730,3-5-2021,1094,5,aquaAffinity
731,3-5-2021,1094,5,miningPlayerEntId
732,3-5-2021,1094,5,addRecipesDyefood
733,3-5-2021,1094,5,isBreedingItem
734,3-5-2021,1094,5,canMineBlock
735,3-5-2021,1094,5,onCrafting
736,3-5-2021,1094,5,getEntityToAttack
737,3-5-2021,1094,5,aquaAffinity
738,3-5-2021,1094,5,canMineBlock
739,3-5-2021,1094,5,addRecipesDye
740,3-5-2021,1094,5,isInLove
741,3-5-2021,1094,5,addRecipesWeapon
742,3-5-2021,1094,5,getEntityToAttack
743,3-5-2021,1094,5,onCrafting
744,3-5-2021,1094,5,canBeSteered
745,3-5-2021,1094,5,isInLove
746,3-5-2021,1094,5,isBreedingItem
747,3-5-2021,1094,5,addRecipesWeapon
748,3-5-2021,1094,5,addRecipesWeapon
749,3-5-2021,1094,5,attemptDamageItem
750,3-5-2021,1094,5,setInventorySlotContents
751,3-5-2021,1094,5,canMineBlock
752,3-5-2021,1094,5,findPlayerToAttack
753,3-5-2021,1094,5,applyArmorCalculations
754,3-5-2021,1094,5,procreate
755,3-5-2021,1094,5,matches
756,3-5-2021,1094,5,fall
757,3-5-2021,1094,5,getCraftingResult
758,3-5-2021,1094,5,addRecipesWeapon
759,3-5-2021,1094,5,canMineBlock
760,3-5-2021,1094,5,isBreedingItem
761,3-5-2021,1094,5,miningPlayerEntId
762,3-5-2021,1094,5,dropFewItems
763,3-5-2021,1094,5,getCraftingResult
764,3-5-2021,1094,5,addRecipesIngot
765,3-5-2021,1094,5,addRecipesDye
766,3-5-2021,1094,5,findPlayerToAttack
767,3-5-2021,1094,5,displayGUIWorkbench
768,3-5-2021,1094,5,isInLove
769,3-5-2021,1094,5,canMineBlock
770,3-5-2021,1094,5,doesContainerItemLeaveCraftingGrid
771,3-5-2021,1094,5,findPlayerToAttack
772,3-5-2021,1094,5,fall
773,3-5-2021,1094,5,findPlayerToAttack
774,3-5-2021,1094,5,procreate
775,3-5-2021,1094,5,getEntityToAttack
776,3-5-2021,1094,5,matches
777,3-5-2021,1094,5,findPlayerToAttack
778,3-5-2021,1094,5,fall
779,3-5-2021,1094,5,onCrafting
780,3-5-2021,1094,5,procreate
781,3-5-2021,1094,5,displayGUIWorkbench
782,3-5-2021,1094,5,canMineBlock
783,3-5-2021,1094,5,fall
784,3-5-2021,1094,5,updateLeashedState
785,3-5-2021,1094,5,canBeSteered
786,3-5-2021,1094,5,addRecipesDyefood
787,3-5-2021,1094,5,doesContainerItemLeaveCraftingGrid
788,3-5-2021,1094,5,addRecipesIngot
789,3-5-2021,1094,5,addRecipesTool
790,3-5-2021,1094,5,setInventorySlotContents
791,3-5-2021,1094,5,attemptDamageItem
792,3-5-2021,1094,5,setInventorySlotContents
793,3-5-2021,1094,5,aquaAffinity
794,3-5-2021,1094,5,fall
795,3-5-2021,1094,5,initCraftableStats
796,3-5-2021,1094,5,addRecipesTool
797,3-5-2021,1094,5,displayGUIWorkbench
798,3-5-2021,1094,5,setInventorySlotContents
799,3-5-2021,1094,5,setInventorySlotContents
800,3-5-2021,1094,5,dropFewItems
801,3-5-2021,1094,5,dropFewItems
802,3-5-2021,1094,5,fall
803,3-5-2021,1094,5,addRecipesDye
804,3-5-2021,1094,5,canPickUpLoot
805,3-5-2021,1094,5,onCrafting
806,3-5-2021,1094,5,canMineBlock
807,3-5-2021,1094,5,canPickUpLoot
808,3-5-2021,1094,5,miningPlayerEntId
809,3-5-2021,1094,5,canMineBlock
810,3-5-2021,1094,5,displayGUIWorkbench
811,3-5-2021,1094,5,displayGUIWorkbench
812,3-5-2021,1094,5,addRecipesWeapon
813,3-5-2021,1094,5,displayGUIWorkbench
814,3-5-2021,1094,5,getEntityToAttack
815,3-5-2021,1094,5,findPlayerToAttack
816,3-5-2021,1094,5,findPlayerToAttack
817,3-5-2021,1094,5,miningPlayerEntId
818,3-5-2021,1094,5,procreate
819,3-5-2021,1094,5,initCraftableStats
820,3-5-2021,1094,5,dropFewItems
821,3-5-2021,1094,5,canBeSteered
822,3-5-2021,1094,5,addRecipesWeapon
823,3-5-2021,1094,5,matches
824,3-5-2021,1094,5,findPlayerToAttack
825,3-5-2021,1094,5,isInLove
826,3-5-2021,1094,5,doesContainerItemLeaveCraftingGrid
827,3-5-2021,1094,5,onKillEntity
828,3-5-2021,1094,5,isBreedingItem
829,3-5-2021,1094,5,canMineBlock
830,3-5-2021,1094,5,isInLove
831,3-5-2021,1094,5,addRecipesDye
832,3-5-2021,1094,5,getEntityToAttack
833,3-5-2021,1094,5,getEntityToAttack
834,3-5-2021,1094,5,fall
835,3-5-2021,1094,5,onCrafting
836,3-5-2021,1094,5,renderCrossedSquares
837,3-5-2021,1094,5,isBreedingItem
838,3-5-2021,1094,5,attemptDamageItem
839,3-5-2021,1094,5,renderCrossedSquares
840,3-5-2021,1094,5,addRecipesDyefood
841,3-5-2021,1094,5,doesContainerItemLeaveCraftingGrid
842,3-5-2021,1094,5,applyArmorCalculations
843,3-5-2021,1094,5,findPlayerToAttack
844,3-5-2021,1094,5,addRecipesDye
845,3-5-2021,1094,5,isInLove
846,3-5-2021,1094,5,renderCrossedSquares
847,3-5-2021,1094,5,setInventorySlotContents
848,3-5-2021,1094,5,isBreedingItem
849,3-5-2021,1094,5,canMineBlock
850,3-5-2021,1094,5,addRecipesIngot
851,3-5-2021,1094,5,doesContainerItemLeaveCraftingGrid
852,3-5-2021,1094,5,addRecipesDyefood
853,3-5-2021,1094,5,getEntityToAttack
854,3-5-2021,1094,5,addRecipesDye
855,3-5-2021,1094,5,isBreedingItem
856,3-5-2021,1094,5,fall
857,3-5-2021,1094,5,dropFewItems
858,3-5-2021,1094,5,findPlayerToAttack
859,3-5-2021,1094,5,canMineBlock
860,3-5-2021,1094,5,attemptDamageItem
861,3-5-2021,1094,5,addRecipesIngot
862,3-5-2021,1094,5,addRecipesTool
863,3-5-2021,1094,5,procreate
864,3-5-2021,1094,5,isInLove
865,3-5-2021,1094,5,miningPlayerEntId
866,3-5-2021,1094,5,addRecipesDyefood
867,3-5-2021,1094,5,canBeSteered
868,3-5-2021,1094,5,dropFewItems
869,3-5-2021,1094,5,dropFewItems
870,3-5-2021,1094,5,updateLeashedState
871,3-5-2021,1094,5,fall
872,3-5-2021,1094,5,dropFewItems
873,3-5-2021,1094,5,applyArmorCalculations
874,3-5-2021,1094,5,onKillEntity
875,3-5-2021,1094,5,matches
876,3-5-2021,1094,5,getCraftingResult
877,3-5-2021,1094,5,getEntityToAttack
878,3-5-2021,1094,5,initCraftableStats
879,3-5-2021,1094,5,updateLeashedState
880,3-5-2021,1094,5,addRecipesIngot
881,3-5-2021,1094,5,fall
882,3-5-2021,1094,5,canMineBlock
883,3-5-2021,1094,5,canPickUpLoot
884,3-5-2021,1094,5,aquaAffinity
885,3-5-2021,1094,5,initCraftableStats
886,3-5-2021,1094,5,addRecipesDyefood
887,3-5-2021,1094,5,canBeSteered
888,3-5-2021,1094,5,getCraftingResult
889,3-5-2021,1094,5,addRecipesWeapon
890,3-5-2021,1094,5,onKillEntity
891,3-5-2021,1094,5,onKillEntity
892,3-5-2021,1094,5,addRecipesDyefood
893,3-5-2021,1094,5,dropFewItems
894,3-5-2021,1094,5,matches
895,3-5-2021,1094,5,canPickUpLoot
896,3-5-2021,1094,5,getEntityToAttack
897,3-5-2021,1094,5,addRecipesCrafting
898,3-5-2021,1094,5,onCrafting
899,3-5-2021,1094,5,applyArmorCalculations
900,4-5-2021,1094,5,initCraftableStats
901,4-5-2021,1094,5,applyArmorCalculations
902,4-5-2021,1094,5,addRecipesDye
903,4-5-2021,1094,5,dropFewItems
904,4-5-2021,1094,5,addRecipesIngot
905,4-5-2021,1094,5,applyArmorCalculations
906,4-5-2021,1094,5,renderCrossedSquares
907,4-5-2021,1094,5,addRecipesDyefood
908,4-5-2021,1094,5,attemptDamageItem
909,4-5-2021,1094,5,findPlayerToAttack
910,4-5-2021,1094,5,doesContainerItemLeaveCraftingGrid
911,4-5-2021,1094,5,renderCrossedSquares
912,4-5-2021,1094,5,addRecipesDye
913,4-5-2021,1094,5,miningPlayerEntId
914,4-5-2021,1094,5,renderCrossedSquares
915,4-5-2021,1094,5,procreate
916,4-5-2021,1094,5,addRecipesTool
917,4-5-2021,1094,5,isBreedingItem
918,4-5-2021,1094,5,canBeSteered
919,4-5-2021,1094,5,canBeSteered
920,4-5-2021,1094,5,aquaAffinity
921,4-5-2021,1094,5,aquaAffinity
922,4-5-2021,1094,5,getEntityToAttack
923,4-5-2021,1094,5,initCraftableStats
924,4-5-2021,1094,5,isInLove
925,4-5-2021,1094,5,onKillEntity
926,4-5-2021,1094,5,isBreedingItem
927,4-5-2021,1094,5,isInLove
928,4-5-2021,1094,5,addRecipesTool
929,4-5-2021,1094,5,addRecipesTool
930,4-5-2021,1094,5,displayGUIWorkbench
931,4-5-2021,1094,5,canBeSteered
932,4-5-2021,1094,5,addRecipesDye
933,4-5-2021,1094,5,matches
934,4-5-2021,1094,5,canPickUpLoot
935,4-5-2021,1094,5,doesContainerItemLeaveCraftingGrid
936,4-5-2021,1094,5,miningPlayerEntId
937,4-5-2021,1094,5,dropFewItems
938,4-5-2021,1094,5,setInventorySlotContents
939,4-5-2021,1094,5,isBreedingItem
940,4-5-2021,1094,5,updateLeashedState
941,4-5-2021,1094,5,setInventorySlotContents
942,4-5-2021,1094,5,isBreedingItem
943,4-5-2021,1094,5,fall
944,4-5-2021,1094,5,displayGUIWorkbench
945,4-5-2021,1094,5,isInLove
946,4-5-2021,1094,5,getCraftingResult
947,4-5-2021,1094,5,displayGUIWorkbench
948,4-5-2021,1094,5,initCraftableStats
949,4-5-2021,1094,5,fall
950,4-5-2021,1094,5,onCrafting
951,4-5-2021,1094,5,getEntityToAttack
952,4-5-2021,1094,5,addRecipesTool
953,4-5-2021,1094,5,addRecipesCrafting
954,4-5-2021,1094,5,dropFewItems
955,4-5-2021,1094,5,updateLeashedState
956,4-5-2021,1094,5,renderCrossedSquares
957,4-5-2021,1094,5,displayGUIWorkbench
958,4-5-2021,1094,5,addRecipesIngot
959,4-5-2021,1094,5,addRecipesTool
960,4-5-2021,1094,5,isBreedingItem
961,4-5-2021,1094,5,updateLeashedState
962,4-5-2021,1094,5,isBreedingItem
963,4-5-2021,1094,5,setInventorySlotContents
964,4-5-2021,1094,5,updateLeashedState
965,4-5-2021,1094,5,addRecipesDyefood
966,4-5-2021,1094,5,aquaAffinity
967,4-5-2021,1094,5,getEntityToAttack
968,4-5-2021,1094,5,getCraftingResult
969,4-5-2021,1094,5,addRecipesTool
970,4-5-2021,1094,5,displayGUIWorkbench
971,4-5-2021,1094,5,renderCrossedSquares
972,4-5-2021,1094,5,isBreedingItem
973,4-5-2021,1094,5,applyArmorCalculations
974,4-5-2021,1094,5,addRecipesIngot
975,4-5-2021,1094,5,fall
976,4-5-2021,1094,5,fall
977,4-5-2021,1094,5,initCraftableStats
978,4-5-2021,1094,5,applyArmorCalculations
979,4-5-2021,1094,5,setInventorySlotContents
980,4-5-2021,1094,5,dropFewItems
981,4-5-2021,1094,5,dropFewItems
982,4-5-2021,1094,5,addRecipesDye
983,4-5-2021,1094,5,dropFewItems
984,4-5-2021,1094,5,addRecipesTool
985,4-5-2021,1094,5,setInventorySlotContents
986,4-5-2021,1094,5,updateLeashedState
987,4-5-2021,1094,5,procreate
988,4-5-2021,1094,5,canBeSteered
989,4-5-2021,1094,5,addRecipesCrafting
990,4-5-2021,1094,5,onCrafting
991,4-5-2021,1094,5,addRecipesDye
992,4-5-2021,1094,5,addRecipesWeapon
993,4-5-2021,1094,5,addRecipesDyefood
994,4-5-2021,1094,5,addRecipesCrafting
995,4-5-2021,1094,5,attemptDamageItem
996,4-5-2021,1094,5,miningPlayerEntId
997,4-5-2021,1094,5,matches
998,4-5-2021,1094,5,applyArmorCalculations
999,4-5-2021,1094,5,fall
1000,4-5-2021,1094,5,dropFewItems
1001,4-5-2021,1094,5,setInventorySlotContents
1002,4-5-2021,1094,5,onKillEntity
1003,4-5-2021,1094,5,getCraftingResult
1004,4-5-2021,1094,5,isBreedingItem
1005,4-5-2021,1094,5,fall
1006,4-5-2021,1094,5,updateLeashedState
1007,4-5-2021,1094,5,doesContainerItemLeaveCraftingGrid
1008,4-5-2021,1094,5,addRecipesDyefood
1009,4-5-2021,1094,5,fall
1010,4-5-2021,1094,5,isInLove
1011,4-5-2021,1094,5,canMineBlock
1012,4-5-2021,1094,5,canPickUpLoot
1013,4-5-2021,1094,5,canBeSteered
1014,4-5-2021,1094,5,renderCrossedSquares
1015,4-5-2021,1094,5,isBreedingItem
1016,4-5-2021,1094,5,displayGUIWorkbench
1017,4-5-2021,1094,5,canMineBlock
1018,4-5-2021,1094,5,addRecipesIngot
1019,4-5-2021,1094,5,addRecipesIngot
1020,4-5-2021,1094,5,canBeSteered
1021,4-5-2021,1094,5,matches
1022,4-5-2021,1094,5,addRecipesIngot
1023,4-5-2021,1094,5,displayGUIWorkbench
1024,4-5-2021,1094,5,initCraftableStats
1025,4-5-2021,1094,5,procreate
1026,4-5-2021,1094,5,onKillEntity
1027,4-5-2021,1094,5,doesContainerItemLeaveCraftingGrid
1028,4-5-2021,1094,5,procreate
1029,4-5-2021,1094,5,addRecipesTool
1030,4-5-2021,1094,5,isInLove
1031,4-5-2021,1094,5,attemptDamageItem
1032,4-5-2021,1094,5,updateLeashedState
1033,4-5-2021,1094,5,canPickUpLoot
1034,4-5-2021,1094,5,addRecipesIngot
1035,4-5-2021,1094,5,applyArmorCalculations
1036,4-5-2021,1094,5,canMineBlock
1037,4-5-2021,1094,5,renderCrossedSquares
1038,4-5-2021,1094,5,matches
1039,4-5-2021,1094,5,fall
1040,4-5-2021,1094,5,attemptDamageItem
1041,4-5-2021,1094,5,addRecipesDye
1042,4-5-2021,1094,5,initCraftableStats
1043,4-5-2021,1094,5,addRecipesDye
1044,4-5-2021,1094,5,addRecipesIngot
1045,4-5-2021,1094,5,displayGUIWorkbench
1046,4-5-2021,1094,5,procreate
1047,4-5-2021,1094,5,addRecipesDyefood
1048,4-5-2021,1094,5,addRecipesCrafting
1049,4-5-2021,1094,5,addRecipesTool
1050,4-5-2021,1094,5,matches
1051,4-5-2021,1094,5,addRecipesWeapon
1052,4-5-2021,1094,5,canBeSteered
1053,4-5-2021,1094,5,displayGUIWorkbench
1054,4-5-2021,1094,5,canPickUpLoot
1055,4-5-2021,1094,5,onCrafting
1056,4-5-2021,1094,5,addRecipesIngot
1057,4-5-2021,1094,5,attemptDamageItem
1058,4-5-2021,1094,5,renderCrossedSquares
1059,4-5-2021,1094,5,matches
1060,4-5-2021,1094,5,findPlayerToAttack
1061,4-5-2021,1094,5,addRecipesWeapon
1062,4-5-2021,1094,5,renderCrossedSquares
1063,4-5-2021,1094,5,procreate
1064,4-5-2021,1094,5,isBreedingItem
1065,4-5-2021,1094,5,getCraftingResult
1066,4-5-2021,1094,5,procreate
1067,4-5-2021,1094,5,attemptDamageItem
1068,4-5-2021,1094,5,fall
1069,4-5-2021,1094,5,canBeSteered
1070,4-5-2021,1094,5,onKillEntity
1071,4-5-2021,1094,5,addRecipesDye
1072,4-5-2021,1094,5,addRecipesDye
1073,4-5-2021,1094,5,getCraftingResult
1074,4-5-2021,1094,5,addRecipesCrafting
1075,4-5-2021,1094,5,updateLeashedState
1076,4-5-2021,1094,5,aquaAffinity
1077,4-5-2021,1094,5,attemptDamageItem
1078,4-5-2021,1094,5,initCraftableStats
1079,4-5-2021,1094,5,doesContainerItemLeaveCraftingGrid
1080,4-5-2021,1094,5,initCraftableStats
1081,4-5-2021,1094,5,addRecipesIngot
1082,4-5-2021,1094,5,dropFewItems
1083,4-5-2021,1094,5,getEntityToAttack
1084,4-5-2021,1094,5,onKillEntity
1085,4-5-2021,1094,5,addRecipesDye
1086,4-5-2021,1094,5,renderCrossedSquares
1087,4-5-2021,1094,5,isBreedingItem
1088,4-5-2021,1094,5,getCraftingResult
1089,4-5-2021,1094,5,updateLeashedState
1090,4-5-2021,1094,5,canMineBlock
1091,4-5-2021,1094,5,dropFewItems
1092,4-5-2021,1094,5,setInventorySlotContents
1093,4-5-2021,1094,5,onKillEntity
1094,4-5-2021,1094,5,addRecipesCrafting
1095,4-5-2021,1094,5,fall
1096,4-5-2021,1094,5,isInLove
1097,4-5-2021,1094,5,attemptDamageItem
1098,4-5-2021,1094,5,isBreedingItem
1099,4-5-2021,1094,5,fall
1100,4-5-2021,1094,5,onCrafting
1101,4-5-2021,1094,5,dropFewItems
1102,4-5-2021,1094,5,setInventorySlotContents
1103,4-5-2021,1094,5,canBeSteered
1104,4-5-2021,1094,5,getCraftingResult
1105,4-5-2021,1094,5,addRecipesCrafting
1106,4-5-2021,1094,5,fall
1107,4-5-2021,1094,5,doesContainerItemLeaveCraftingGrid
1108,4-5-2021,1094,5,canBeSteered
1109,4-5-2021,1094,5,procreate
1110,4-5-2021,1094,5,addRecipesCrafting
1111,4-5-2021,1094,5,addRecipesTool
1112,4-5-2021,1094,5,isBreedingItem
1113,4-5-2021,1094,5,canMineBlock
1114,4-5-2021,1094,5,doesContainerItemLeaveCraftingGrid
1115,4-5-2021,1094,5,displayGUIWorkbench
1116,4-5-2021,1094,5,findPlayerToAttack
1117,4-5-2021,1094,5,isBreedingItem
1118,4-5-2021,1094,5,addRecipesDyefood
1119,4-5-2021,1094,5,addRecipesCrafting
1120,4-5-2021,1094,5,canPickUpLoot
1121,4-5-2021,1094,5,addRecipesDyefood
1122,4-5-2021,1094,5,miningPlayerEntId
1123,4-5-2021,1094,5,doesContainerItemLeaveCraftingGrid
1124,4-5-2021,1094,5,initCraftableStats
1125,4-5-2021,1094,5,renderCrossedSquares
1126,4-5-2021,1094,5,doesContainerItemLeaveCraftingGrid
1127,4-5-2021,1094,5,procreate
1128,4-5-2021,1094,5,updateLeashedState
1129,4-5-2021,1094,5,isInLove
1130,4-5-2021,1094,5,aquaAffinity
1131,4-5-2021,1094,5,isInLove
1132,4-5-2021,1094,5,addRecipesDye
1133,4-5-2021,1094,5,addRecipesWeapon
1134,4-5-2021,1094,5,addRecipesWeapon
1135,4-5-2021,1094,5,onCrafting
1136,4-5-2021,1094,5,matches
1137,4-5-2021,1094,5,applyArmorCalculations
1138,4-5-2021,1094,5,canMineBlock
1139,4-5-2021,1094,5,onCrafting
1140,4-5-2021,1094,5,aquaAffinity
1141,4-5-2021,1094,5,onCrafting
1142,4-5-2021,1094,5,displayGUIWorkbench
1143,4-5-2021,1094,5,canBeSteered
1144,4-5-2021,1094,5,addRecipesCrafting
1145,4-5-2021,1094,5,addRecipesDyefood
1146,4-5-2021,1094,5,onKillEntity
1147,4-5-2021,1094,5,canMineBlock
1148,4-5-2021,1094,5,isInLove
1149,4-5-2021,1094,5,onCrafting
1150,4-5-2021,1094,5,addRecipesDyefood
1151,4-5-2021,1094,5,getEntityToAttack
1152,4-5-2021,1094,5,initCraftableStats
1153,4-5-2021,1094,5,doesContainerItemLeaveCraftingGrid
1154,4-5-2021,1094,5,addRecipesIngot
1155,4-5-2021,1094,5,initCraftableStats
1156,4-5-2021,1094,5,updateLeashedState
1157,4-5-2021,1094,5,canMineBlock
1158,4-5-2021,1094,5,addRecipesWeapon
1159,4-5-2021,1094,5,isBreedingItem
1160,4-5-2021,1094,5,getCraftingResult
1161,4-5-2021,1094,5,matches
1162,4-5-2021,1094,5,attemptDamageItem
1163,4-5-2021,1094,5,isBreedingItem
1164,4-5-2021,1094,5,applyArmorCalculations
1165,4-5-2021,1094,5,matches
1166,4-5-2021,1094,5,updateLeashedState
1167,4-5-2021,1094,5,renderCrossedSquares
1168,4-5-2021,1094,5,dropFewItems
1169,4-5-2021,1094,5,matches
1170,4-5-2021,1094,5,getEntityToAttack
1171,4-5-2021,1094,5,addRecipesWeapon
1172,4-5-2021,1094,5,displayGUIWorkbench
1173,4-5-2021,1094,5,isInLove
1174,4-5-2021,1094,5,initCraftableStats
1175,4-5-2021,1094,5,applyArmorCalculations
1176,4-5-2021,1094,5,doesContainerItemLeaveCraftingGrid
1177,4-5-2021,1094,5,addRecipesWeapon
1178,4-5-2021,1094,5,fall
1179,4-5-2021,1094,5,attemptDamageItem
1180,4-5-2021,1094,5,fall
1181,4-5-2021,1094,5,dropFewItems
1182,4-5-2021,1094,5,onKillEntity
1183,4-5-2021,1094,5,addRecipesIngot
1184,4-5-2021,1094,5,onCrafting
1185,4-5-2021,1094,5,matches
1186,4-5-2021,1094,5,fall
1187,4-5-2021,1094,5,isBreedingItem
1188,4-5-2021,1094,5,procreate
1189,4-5-2021,1094,5,matches
1190,4-5-2021,1094,5,doesContainerItemLeaveCraftingGrid
1191,4-5-2021,1094,5,addRecipesDyefood
1192,4-5-2021,1094,5,isBreedingItem
1193,4-5-2021,1094,5,canBeSteered
1194,4-5-2021,1094,5,addRecipesIngot
1195,4-5-2021,1094,5,addRecipesTool
1196,4-5-2021,1094,5,updateLeashedState
1197,4-5-2021,1094,5,fall
1198,4-5-2021,1094,5,addRecipesWeapon
1199,4-5-2021,1094,5,onKillEntity
1200,5-5-2021,1094,5,procreate
1201,5-5-2021,1094,5,isBreedingItem
1202,5-5-2021,1094,5,displayGUIWorkbench
1203,5-5-2021,1094,5,displayGUIWorkbench
1204,5-5-2021,1094,5,canMineBlock
1205,5-5-2021,1094,5,doesContainerItemLeaveCraftingGrid
1206,5-5-2021,1094,5,canPickUpLoot
1207,5-5-2021,1094,5,addRecipesDyefood
1208,5-5-2021,1094,5,canBeSteered
1209,5-5-2021,1094,5,displayGUIWorkbench
1210,5-5-2021,1094,5,displayGUIWorkbench
1211,5-5-2021,1094,5,miningPlayerEntId
1212,5-5-2021,1094,5,addRecipesDyefood
1213,5-5-2021,1094,5,getEntityToAttack
1214,5-5-2021,1094,5,addRecipesTool
1215,5-5-2021,1094,5,getEntityToAttack
1216,5-5-2021,1094,5,addRecipesCrafting
1217,5-5-2021,1094,5,onKillEntity
1218,5-5-2021,1094,5,miningPlayerEntId
1219,5-5-2021,1094,5,updateLeashedState
1220,5-5-2021,1094,5,findPlayerToAttack
1221,5-5-2021,1094,5,applyArmorCalculations
1222,5-5-2021,1094,5,onCrafting
1223,5-5-2021,1094,5,dropFewItems
1224,5-5-2021,1094,5,setInventorySlotContents
1225,5-5-2021,1094,5,isInLove
1226,5-5-2021,1094,5,displayGUIWorkbench
1227,5-5-2021,1094,5,canMineBlock
1228,5-5-2021,1094,5,displayGUIWorkbench
1229,5-5-2021,1094,5,addRecipesWeapon
1230,5-5-2021,1094,5,canPickUpLoot
1231,5-5-2021,1094,5,aquaAffinity
1232,5-5-2021,1094,5,addRecipesIngot
1233,5-5-2021,1094,5,renderCrossedSquares
1234,5-5-2021,1094,5,renderCrossedSquares
1235,5-5-2021,1094,5,getCraftingResult
1236,5-5-2021,1094,5,isInLove
1237,5-5-2021,1094,5,dropFewItems
1238,5-5-2021,1094,5,renderCrossedSquares
1239,5-5-2021,1094,5,addRecipesTool
1240,5-5-2021,1094,5,aquaAffinity
1241,5-5-2021,1094,5,dropFewItems
1242,5-5-2021,1094,5,setInventorySlotContents
1243,5-5-2021,1094,5,canBeSteered
1244,5-5-2021,1094,5,dropFewItems
1245,5-5-2021,1094,5,attemptDamageItem
1246,5-5-2021,1094,5,isInLove
1247,5-5-2021,1094,5,dropFewItems
1248,5-5-2021,1094,5,onKillEntity
1249,5-5-2021,1094,5,fall
1250,5-5-2021,1094,5,canMineBlock
1251,5-5-2021,1094,5,addRecipesDye
1252,5-5-2021,1094,5,attemptDamageItem
1253,5-5-2021,1094,5,isInLove
1254,5-5-2021,1094,5,canPickUpLoot
1255,5-5-2021,1094,5,addRecipesDye
1256,5-5-2021,1094,5,applyArmorCalculations
1257,5-5-2021,1094,5,renderCrossedSquares
1258,5-5-2021,1094,5,fall
1259,5-5-2021,1094,5,attemptDamageItem
1260,5-5-2021,1094,5,renderCrossedSquares
1261,5-5-2021,1094,5,getEntityToAttack
1262,5-5-2021,1094,5,canPickUpLoot
1263,5-5-2021,1094,5,applyArmorCalculations
1264,5-5-2021,1094,5,renderCrossedSquares
1265,5-5-2021,1094,5,applyArmorCalculations
1266,5-5-2021,1094,5,aquaAffinity
1267,5-5-2021,1094,5,procreate
1268,5-5-2021,1094,5,findPlayerToAttack
1269,5-5-2021,1094,5,addRecipesDyefood
1270,5-5-2021,1094,5,doesContainerItemLeaveCraftingGrid
1271,5-5-2021,1094,5,isInLove
1272,5-5-2021,1094,5,doesContainerItemLeaveCraftingGrid
1273,5-5-2021,1094,5,procreate
1274,5-5-2021,1094,5,dropFewItems
1275,5-5-2021,1094,5,attemptDamageItem
1276,5-5-2021,1094,5,matches
1277,5-5-2021,1094,5,applyArmorCalculations
1278,5-5-2021,1094,5,dropFewItems
1279,5-5-2021,1094,5,procreate
1280,5-5-2021,1094,5,findPlayerToAttack
1281,5-5-2021,1094,5,dropFewItems
1282,5-5-2021,1094,5,renderCrossedSquares
1283,5-5-2021,1094,5,fall
1284,5-5-2021,1094,5,addRecipesCrafting
1285,5-5-2021,1094,5,fall
1286,5-5-2021,1094,5,addRecipesDye
1287,5-5-2021,1094,5,addRecipesDye
1288,5-5-2021,1094,5,addRecipesTool
1289,5-5-2021,1094,5,applyArmorCalculations
1290,5-5-2021,1094,5,canBeSteered
1291,5-5-2021,1094,5,aquaAffinity
1292,5-5-2021,1094,5,onCrafting
1293,5-5-2021,1094,5,fall
1294,5-5-2021,1094,5,dropFewItems
1295,5-5-2021,1094,5,doesContainerItemLeaveCraftingGrid
1296,5-5-2021,1094,5,setInventorySlotContents
1297,5-5-2021,1094,5,fall
1298,5-5-2021,1094,5,applyArmorCalculations
1299,5-5-2021,1094,5,addRecipesTool
1300,5-5-2021,1094,5,fall
1301,5-5-2021,1094,5,miningPlayerEntId
1302,5-5-2021,1094,5,setInventorySlotContents
1303,5-5-2021,1094,5,setInventorySlotContents
1304,5-5-2021,1094,5,dropFewItems
1305,5-5-2021,1094,5,canBeSteered
1306,5-5-2021,1094,5,isBreedingItem
1307,5-5-2021,1094,5,findPlayerToAttack
1308,5-5-2021,1094,5,fall
1309,5-5-2021,1094,5,isBreedingItem
1310,5-5-2021,1094,5,fall
1311,5-5-2021,1094,5,applyArmorCalculations
1312,5-5-2021,1094,5,addRecipesDyefood
1313,5-5-2021,1094,5,addRecipesIngot
1314,5-5-2021,1094,5,attemptDamageItem
1315,5-5-2021,1094,5,canMineBlock
1316,5-5-2021,1094,5,canMineBlock
1317,5-5-2021,1094,5,procreate
1318,5-5-2021,1094,5,renderCrossedSquares
1319,5-5-2021,1094,5,findPlayerToAttack
1320,5-5-2021,1094,5,findPlayerToAttack
1321,5-5-2021,1094,5,updateLeashedState
1322,5-5-2021,1094,5,dropFewItems
1323,5-5-2021,1094,5,isInLove
1324,5-5-2021,1094,5,addRecipesDyefood
1325,5-5-2021,1094,5,doesContainerItemLeaveCraftingGrid
1326,5-5-2021,1094,5,initCraftableStats
1327,5-5-2021,1094,5,addRecipesIngot
1328,5-5-2021,1094,5,isInLove
1329,5-5-2021,1094,5,findPlayerToAttack
1330,5-5-2021,1094,5,getCraftingResult
1331,5-5-2021,1094,5,setInventorySlotContents
1332,5-5-2021,1094,5,initCraftableStats
1333,5-5-2021,1094,5,addRecipesTool
1334,5-5-2021,1094,5,addRecipesIngot
1335,5-5-2021,1094,5,attemptDamageItem
1336,5-5-2021,1094,5,addRecipesDye
1337,5-5-2021,1094,5,addRecipesCrafting
1338,5-5-2021,1094,5,setInventorySlotContents
1339,5-5-2021,1094,5,dropFewItems
1340,5-5-2021,1094,5,addRecipesWeapon
1341,5-5-2021,1094,5,displayGUIWorkbench
1342,5-5-2021,1094,5,applyArmorCalculations
1343,5-5-2021,1094,5,getEntityToAttack
1344,5-5-2021,1094,5,addRecipesDyefood
1345,5-5-2021,1094,5,getCraftingResult
1346,5-5-2021,1094,5,addRecipesDye
1347,5-5-2021,1094,5,canBeSteered
1348,5-5-2021,1094,5,canMineBlock
1349,5-5-2021,1094,5,procreate
1350,5-5-2021,1094,5,addRecipesDye
1351,5-5-2021,1094,5,dropFewItems
1352,5-5-2021,1094,5,attemptDamageItem
1353,5-5-2021,1094,5,procreate
1354,5-5-2021,1094,5,getEntityToAttack
1355,5-5-2021,1094,5,onKillEntity
1356,5-5-2021,1094,5,procreate
1357,5-5-2021,1094,5,fall
1358,5-5-2021,1094,5,onKillEntity
1359,5-5-2021,1094,5,addRecipesDyefood
1360,5-5-2021,1094,5,canMineBlock
1361,5-5-2021,1094,5,getEntityToAttack
1362,5-5-2021,1094,5,procreate
1363,5-5-2021,1094,5,updateLeashedState
1364,5-5-2021,1094,5,canPickUpLoot
1365,5-5-2021,1094,5,renderCrossedSquares
1366,5-5-2021,1094,5,doesContainerItemLeaveCraftingGrid
1367,5-5-2021,1094,5,canMineBlock
1368,5-5-2021,1094,5,addRecipesTool
1369,5-5-2021,1094,5,findPlayerToAttack
1370,5-5-2021,1094,5,matches
1371,5-5-2021,1094,5,onCrafting
1372,5-5-2021,1094,5,findPlayerToAttack
1373,5-5-2021,1094,5,isBreedingItem
1374,5-5-2021,1094,5,attemptDamageItem
1375,5-5-2021,1094,5,addRecipesDyefood
1376,5-5-2021,1094,5,fall
1377,5-5-2021,1094,5,matches
1378,5-5-2021,1094,5,dropFewItems
1379,5-5-2021,1094,5,addRecipesDye
1380,5-5-2021,1094,5,onCrafting
1381,5-5-2021,1094,5,doesContainerItemLeaveCraftingGrid
1382,5-5-2021,1094,5,fall
1383,5-5-2021,1094,5,onKillEntity
1384,5-5-2021,1094,5,onCrafting
1385,5-5-2021,1094,5,attemptDamageItem
1386,5-5-2021,1094,5,doesContainerItemLeaveCraftingGrid
1387,5-5-2021,1094,5,getCraftingResult
1388,5-5-2021,1094,5,findPlayerToAttack
1389,5-5-2021,1094,5,renderCrossedSquares
1390,5-5-2021,1094,5,doesContainerItemLeaveCraftingGrid
1391,5-5-2021,1094,5,setInventorySlotContents
1392,5-5-2021,1094,5,addRecipesDyefood
1393,5-5-2021,1094,5,addRecipesCrafting
1394,5-5-2021,1094,5,attemptDamageItem
1395,5-5-2021,1094,5,displayGUIWorkbench
1396,5-5-2021,1094,5,canBeSteered
1397,5-5-2021,1094,5,setInventorySlotContents
1398,5-5-2021,1094,5,canPickUpLoot
1399,5-5-2021,1094,5,matches
1400,5-5-2021,1094,5,onCrafting
1401,5-5-2021,1094,5,matches
1402,5-5-2021,1094,5,displayGUIWorkbench
1403,5-5-2021,1094,5,isBreedingItem
1404,5-5-2021,1094,5,applyArmorCalculations
1405,5-5-2021,1094,5,matches
1406,5-5-2021,1094,5,initCraftableStats
1407,5-5-2021,1094,5,fall
1408,5-5-2021,1094,5,fall
1409,5-5-2021,1094,5,getEntityToAttack
1410,5-5-2021,1094,5,isBreedingItem
1411,5-5-2021,1094,5,findPlayerToAttack
1412,5-5-2021,1094,5,findPlayerToAttack
1413,5-5-2021,1094,5,procreate
1414,5-5-2021,1094,5,displayGUIWorkbench
1415,5-5-2021,1094,5,fall
1416,5-5-2021,1094,5,getEntityToAttack
1417,5-5-2021,1094,5,canMineBlock
1418,5-5-2021,1094,5,addRecipesDyefood
1419,5-5-2021,1094,5,addRecipesCrafting
1420,5-5-2021,1094,5,fall
1421,5-5-2021,1094,5,getCraftingResult
1422,5-5-2021,1094,5,renderCrossedSquares
1423,5-5-2021,1094,5,getEntityToAttack
1424,5-5-2021,1094,5,addRecipesCrafting
1425,5-5-2021,1094,5,matches
1426,5-5-2021,1094,5,addRecipesTool
1427,5-5-2021,1094,5,doesContainerItemLeaveCraftingGrid
1428,5-5-2021,1094,5,miningPlayerEntId
1429,5-5-2021,1094,5,aquaAffinity
1430,5-5-2021,1094,5,dropFewItems
1431,5-5-2021,1094,5,onKillEntity
1432,5-5-2021,1094,5,onCrafting
1433,5-5-2021,1094,5,canPickUpLoot
1434,5-5-2021,1094,5,isBreedingItem
1435,5-5-2021,1094,5,displayGUIWorkbench
1436,5-5-2021,1094,5,onCrafting
1437,5-5-2021,1094,5,fall
1438,5-5-2021,1094,5,doesContainerItemLeaveCraftingGrid
1439,5-5-2021,1094,5,aquaAffinity
1440,5-5-2021,1094,5,displayGUIWorkbench
1441,5-5-2021,1094,5,addRecipesDye
1442,5-5-2021,1094,5,dropFewItems
1443,5-5-2021,1094,5,doesContainerItemLeaveCraftingGrid
1444,5-5-2021,1094,5,miningPlayerEntId
1445,5-5-2021,1094,5,applyArmorCalculations
1446,5-5-2021,1094,5,applyArmorCalculations
1447,5-5-2021,1094,5,displayGUIWorkbench
1448,5-5-2021,1094,5,addRecipesCrafting
1449,5-5-2021,1094,5,displayGUIWorkbench
1450,5-5-2021,1094,5,isBreedingItem
1451,5-5-2021,1094,5,onKillEntity
1452,5-5-2021,1094,5,renderCrossedSquares
1453,5-5-2021,1094,5,addRecipesWeapon
1454,5-5-2021,1094,5,attemptDamageItem
1455,5-5-2021,1094,5,dropFewItems
1456,5-5-2021,1094,5,matches
1457,5-5-2021,1094,5,canBeSteered
1458,5-5-2021,1094,5,procreate
1459,5-5-2021,1094,5,addRecipesTool
1460,5-5-2021,1094,5,miningPlayerEntId
1461,5-5-2021,1094,5,dropFewItems
1462,5-5-2021,1094,5,getEntityToAttack
1463,5-5-2021,1094,5,dropFewItems
1464,5-5-2021,1094,5,addRecipesIngot
1465,5-5-2021,1094,5,applyArmorCalculations
1466,5-5-2021,1094,5,procreate
1467,5-5-2021,1094,5,fall
1468,5-5-2021,1094,5,fall
1469,5-5-2021,1094,5,initCraftableStats
1470,5-5-2021,1094,5,initCraftableStats
1471,5-5-2021,1094,5,addRecipesWeapon
1472,5-5-2021,1094,5,setInventorySlotContents
1473,5-5-2021,1094,5,getEntityToAttack
1474,5-5-2021,1094,5,addRecipesDye
1475,5-5-2021,1094,5,addRecipesDyefood
1476,5-5-2021,1094,5,renderCrossedSquares
1477,5-5-2021,1094,5,doesContainerItemLeaveCraftingGrid
1478,5-5-2021,1094,5,updateLeashedState
1479,5-5-2021,1094,5,miningPlayerEntId
1480,5-5-2021,1094,5,initCraftableStats
1481,5-5-2021,1094,5,getEntityToAttack
1482,5-5-2021,1094,5,renderCrossedSquares
1483,5-5-2021,1094,5,attemptDamageItem
1484,5-5-2021,1094,5,onCrafting
1485,5-5-2021,1094,5,canBeSteered
1486,5-5-2021,1094,5,addRecipesTool
1487,5-5-2021,1094,5,onKillEntity
1488,5-5-2021,1094,5,onKillEntity
1489,5-5-2021,1094,5,displayGUIWorkbench
1490,5-5-2021,1094,5,fall
1491,5-5-2021,1094,5,dropFewItems
1492,5-5-2021,1094,5,attemptDamageItem
1493,5-5-2021,1094,5,addRecipesCrafting
1494,5-5-2021,1094,5,addRecipesIngot
1495,5-5-2021,1094,5,fall
1496,5-5-2021,1094,5,addRecipesWeapon
1497,5-5-2021,1094,5,matches
1498,5-5-2021,1094,5,renderCrossedSquares
1499,5-5-2021,1094,5,renderCrossedSquares
