,Date,User,XP,Event
0,1-5-2021,1039,5,applyArmorCalculations
1,1-5-2021,1039,5,fall
2,1-5-2021,1039,5,miningPlayerEntId
3,1-5-2021,1039,5,isBreedingItem
4,1-5-2021,1039,5,onKillEntity
5,1-5-2021,1039,5,canBeSteered
6,1-5-2021,1039,5,addRecipesDyefood
7,1-5-2021,1039,5,getEntityToAttack
8,1-5-2021,1039,5,onKillEntity
9,1-5-2021,1039,5,onKillEntity
10,1-5-2021,1039,5,addRecipesCrafting
11,1-5-2021,1039,5,initCraftableStats
12,1-5-2021,1039,5,addRecipesWeapon
13,1-5-2021,1039,5,addRecipesTool
14,1-5-2021,1039,5,canPickUpLoot
15,1-5-2021,1039,5,onCrafting
16,1-5-2021,1039,5,fall
17,1-5-2021,1039,5,isInLove
18,1-5-2021,1039,5,matches
19,1-5-2021,1039,5,isInLove
20,1-5-2021,1039,5,canBeSteered
21,1-5-2021,1039,5,addRecipesIngot
22,1-5-2021,1039,5,addRecipesWeapon
23,1-5-2021,1039,5,doesContainerItemLeaveCraftingGrid
24,1-5-2021,1039,5,addRecipesWeapon
25,1-5-2021,1039,5,getEntityToAttack
26,1-5-2021,1039,5,dropFewItems
27,1-5-2021,1039,5,doesContainerItemLeaveCraftingGrid
28,1-5-2021,1039,5,dropFewItems
29,1-5-2021,1039,5,addRecipesDye
30,1-5-2021,1039,5,addRecipesCrafting
31,1-5-2021,1039,5,miningPlayerEntId
32,1-5-2021,1039,5,displayGUIWorkbench
33,1-5-2021,1039,5,canBeSteered
34,1-5-2021,1039,5,isBreedingItem
35,1-5-2021,1039,5,canPickUpLoot
36,1-5-2021,1039,5,onCrafting
37,1-5-2021,1039,5,getEntityToAttack
38,1-5-2021,1039,5,onCrafting
39,1-5-2021,1039,5,applyArmorCalculations
40,1-5-2021,1039,5,matches
41,1-5-2021,1039,5,onCrafting
42,1-5-2021,1039,5,getEntityToAttack
43,1-5-2021,1039,5,isInLove
44,1-5-2021,1039,5,attemptDamageItem
45,1-5-2021,1039,5,displayGUIWorkbench
46,1-5-2021,1039,5,addRecipesCrafting
47,1-5-2021,1039,5,addRecipesTool
48,1-5-2021,1039,5,addRecipesTool
49,1-5-2021,1039,5,applyArmorCalculations
50,1-5-2021,1039,5,addRecipesDyefood
51,1-5-2021,1039,5,updateLeashedState
52,1-5-2021,1039,5,canPickUpLoot
53,1-5-2021,1039,5,miningPlayerEntId
54,1-5-2021,1039,5,addRecipesIngot
55,1-5-2021,1039,5,onCrafting
56,1-5-2021,1039,5,canPickUpLoot
57,1-5-2021,1039,5,onCrafting
58,1-5-2021,1039,5,findPlayerToAttack
59,1-5-2021,1039,5,canBeSteered
60,1-5-2021,1039,5,setInventorySlotContents
61,1-5-2021,1039,5,addRecipesDyefood
62,1-5-2021,1039,5,getCraftingResult
63,1-5-2021,1039,5,dropFewItems
64,1-5-2021,1039,5,findPlayerToAttack
65,1-5-2021,1039,5,fall
66,1-5-2021,1039,5,addRecipesCrafting
67,1-5-2021,1039,5,miningPlayerEntId
68,1-5-2021,1039,5,canBeSteered
69,1-5-2021,1039,5,canMineBlock
70,1-5-2021,1039,5,addRecipesIngot
71,1-5-2021,1039,5,isBreedingItem
72,1-5-2021,1039,5,canBeSteered
73,1-5-2021,1039,5,isInLove
74,1-5-2021,1039,5,procreate
75,1-5-2021,1039,5,updateLeashedState
76,1-5-2021,1039,5,applyArmorCalculations
77,1-5-2021,1039,5,isInLove
78,1-5-2021,1039,5,procreate
79,1-5-2021,1039,5,isBreedingItem
80,1-5-2021,1039,5,addRecipesWeapon
81,1-5-2021,1039,5,findPlayerToAttack
82,1-5-2021,1039,5,fall
83,1-5-2021,1039,5,fall
84,1-5-2021,1039,5,doesContainerItemLeaveCraftingGrid
85,1-5-2021,1039,5,updateLeashedState
86,1-5-2021,1039,5,initCraftableStats
87,1-5-2021,1039,5,doesContainerItemLeaveCraftingGrid
88,1-5-2021,1039,5,doesContainerItemLeaveCraftingGrid
89,1-5-2021,1039,5,addRecipesTool
90,1-5-2021,1039,5,isBreedingItem
91,1-5-2021,1039,5,canBeSteered
92,1-5-2021,1039,5,isInLove
93,1-5-2021,1039,5,procreate
94,1-5-2021,1039,5,fall
95,1-5-2021,1039,5,displayGUIWorkbench
96,1-5-2021,1039,5,displayGUIWorkbench
97,1-5-2021,1039,5,addRecipesWeapon
98,1-5-2021,1039,5,fall
99,1-5-2021,1039,5,dropFewItems
100,1-5-2021,1039,5,isInLove
101,1-5-2021,1039,5,addRecipesWeapon
102,1-5-2021,1039,5,attemptDamageItem
103,1-5-2021,1039,5,isBreedingItem
104,1-5-2021,1039,5,canBeSteered
105,1-5-2021,1039,5,isInLove
106,1-5-2021,1039,5,procreate
107,1-5-2021,1039,5,canPickUpLoot
108,1-5-2021,1039,5,attemptDamageItem
109,1-5-2021,1039,5,addRecipesCrafting
110,1-5-2021,1039,5,aquaAffinity
111,1-5-2021,1039,5,onKillEntity
112,1-5-2021,1039,5,canPickUpLoot
113,1-5-2021,1039,5,addRecipesDye
114,1-5-2021,1039,5,doesContainerItemLeaveCraftingGrid
115,1-5-2021,1039,5,isBreedingItem
116,1-5-2021,1039,5,addRecipesTool
117,1-5-2021,1039,5,fall
118,1-5-2021,1039,5,setInventorySlotContents
119,1-5-2021,1039,5,onKillEntity
120,1-5-2021,1039,5,displayGUIWorkbench
121,1-5-2021,1039,5,addRecipesIngot
122,1-5-2021,1039,5,onCrafting
123,1-5-2021,1039,5,findPlayerToAttack
124,1-5-2021,1039,5,displayGUIWorkbench
125,1-5-2021,1039,5,canMineBlock
126,1-5-2021,1039,5,onKillEntity
127,1-5-2021,1039,5,doesContainerItemLeaveCraftingGrid
128,1-5-2021,1039,5,isBreedingItem
129,1-5-2021,1039,5,canBeSteered
130,1-5-2021,1039,5,isInLove
131,1-5-2021,1039,5,procreate
132,1-5-2021,1039,5,miningPlayerEntId
133,1-5-2021,1039,5,findPlayerToAttack
134,1-5-2021,1039,5,addRecipesDye
135,1-5-2021,1039,5,initCraftableStats
136,1-5-2021,1039,5,addRecipesCrafting
137,1-5-2021,1039,5,fall
138,1-5-2021,1039,5,addRecipesCrafting
139,1-5-2021,1039,5,displayGUIWorkbench
140,1-5-2021,1039,5,addRecipesCrafting
141,1-5-2021,1039,5,setInventorySlotContents
142,1-5-2021,1039,5,addRecipesCrafting
143,1-5-2021,1039,5,fall
144,1-5-2021,1039,5,getEntityToAttack
145,1-5-2021,1039,5,getEntityToAttack
146,1-5-2021,1039,5,isBreedingItem
147,1-5-2021,1039,5,canBeSteered
148,1-5-2021,1039,5,isInLove
149,1-5-2021,1039,5,procreate
150,1-5-2021,1039,5,canMineBlock
151,1-5-2021,1039,5,onKillEntity
152,1-5-2021,1039,5,onCrafting
153,1-5-2021,1039,5,addRecipesWeapon
154,1-5-2021,1039,5,isBreedingItem
155,1-5-2021,1039,5,fall
156,1-5-2021,1039,5,onKillEntity
157,1-5-2021,1039,5,addRecipesIngot
158,1-5-2021,1039,5,findPlayerToAttack
159,1-5-2021,1039,5,setInventorySlotContents
160,1-5-2021,1039,5,attemptDamageItem
161,1-5-2021,1039,5,matches
162,1-5-2021,1039,5,canMineBlock
163,1-5-2021,1039,5,displayGUIWorkbench
164,1-5-2021,1039,5,dropFewItems
165,1-5-2021,1039,5,attemptDamageItem
166,1-5-2021,1039,5,displayGUIWorkbench
167,1-5-2021,1039,5,applyArmorCalculations
168,1-5-2021,1039,5,dropFewItems
169,1-5-2021,1039,5,addRecipesDye
170,1-5-2021,1039,5,addRecipesWeapon
171,1-5-2021,1039,5,fall
172,1-5-2021,1039,5,updateLeashedState
173,1-5-2021,1039,5,addRecipesIngot
174,1-5-2021,1039,5,miningPlayerEntId
175,1-5-2021,1039,5,dropFewItems
176,1-5-2021,1039,5,canBeSteered
177,1-5-2021,1039,5,findPlayerToAttack
178,1-5-2021,1039,5,addRecipesDye
179,1-5-2021,1039,5,doesContainerItemLeaveCraftingGrid
180,1-5-2021,1039,5,doesContainerItemLeaveCraftingGrid
181,1-5-2021,1039,5,addRecipesDye
182,1-5-2021,1039,5,addRecipesCrafting
183,1-5-2021,1039,5,isBreedingItem
184,1-5-2021,1039,5,canBeSteered
185,1-5-2021,1039,5,isInLove
186,1-5-2021,1039,5,procreate
187,1-5-2021,1039,5,addRecipesDye
188,1-5-2021,1039,5,renderCrossedSquares
189,1-5-2021,1039,5,fall
190,1-5-2021,1039,5,isBreedingItem
191,1-5-2021,1039,5,canBeSteered
192,1-5-2021,1039,5,isInLove
193,1-5-2021,1039,5,isBreedingItem
194,1-5-2021,1039,5,canBeSteered
195,1-5-2021,1039,5,isInLove
196,1-5-2021,1039,5,procreate
197,1-5-2021,1039,5,onKillEntity
198,1-5-2021,1039,5,getCraftingResult
199,1-5-2021,1039,5,initCraftableStats
200,1-5-2021,1039,5,dropFewItems
201,1-5-2021,1039,5,onKillEntity
202,1-5-2021,1039,5,isBreedingItem
203,1-5-2021,1039,5,addRecipesWeapon
204,1-5-2021,1039,5,applyArmorCalculations
205,1-5-2021,1039,5,addRecipesDye
206,1-5-2021,1039,5,canPickUpLoot
207,1-5-2021,1039,5,dropFewItems
208,1-5-2021,1039,5,addRecipesTool
209,1-5-2021,1039,5,canPickUpLoot
210,1-5-2021,1039,5,aquaAffinity
211,1-5-2021,1039,5,attemptDamageItem
212,1-5-2021,1039,5,doesContainerItemLeaveCraftingGrid
213,1-5-2021,1039,5,addRecipesDyefood
214,1-5-2021,1039,5,canBeSteered
215,1-5-2021,1039,5,miningPlayerEntId
216,1-5-2021,1039,5,applyArmorCalculations
217,1-5-2021,1039,5,addRecipesCrafting
218,1-5-2021,1039,5,addRecipesDyefood
219,1-5-2021,1039,5,onCrafting
220,1-5-2021,1039,5,canMineBlock
221,1-5-2021,1039,5,procreate
222,1-5-2021,1039,5,fall
223,1-5-2021,1039,5,miningPlayerEntId
224,1-5-2021,1039,5,applyArmorCalculations
225,1-5-2021,1039,5,fall
226,1-5-2021,1039,5,attemptDamageItem
227,1-5-2021,1039,5,procreate
228,1-5-2021,1039,5,canMineBlock
229,1-5-2021,1039,5,addRecipesDye
230,1-5-2021,1039,5,applyArmorCalculations
231,1-5-2021,1039,5,isInLove
232,1-5-2021,1039,5,isBreedingItem
233,1-5-2021,1039,5,canBeSteered
234,1-5-2021,1039,5,isInLove
235,1-5-2021,1039,5,procreate
236,1-5-2021,1039,5,onCrafting
237,1-5-2021,1039,5,canBeSteered
238,1-5-2021,1039,5,dropFewItems
239,1-5-2021,1039,5,renderCrossedSquares
240,1-5-2021,1039,5,doesContainerItemLeaveCraftingGrid
241,1-5-2021,1039,5,doesContainerItemLeaveCraftingGrid
242,1-5-2021,1039,5,setInventorySlotContents
243,1-5-2021,1039,5,applyArmorCalculations
244,1-5-2021,1039,5,isBreedingItem
245,1-5-2021,1039,5,canBeSteered
246,1-5-2021,1039,5,getCraftingResult
247,1-5-2021,1039,5,onCrafting
248,1-5-2021,1039,5,isInLove
249,1-5-2021,1039,5,aquaAffinity
250,1-5-2021,1039,5,updateLeashedState
251,1-5-2021,1039,5,attemptDamageItem
252,1-5-2021,1039,5,getEntityToAttack
253,1-5-2021,1039,5,addRecipesWeapon
254,1-5-2021,1039,5,isBreedingItem
255,1-5-2021,1039,5,canBeSteered
256,1-5-2021,1039,5,isInLove
257,1-5-2021,1039,5,procreate
258,1-5-2021,1039,5,canBeSteered
259,1-5-2021,1039,5,isInLove
260,1-5-2021,1039,5,procreate
261,1-5-2021,1039,5,addRecipesDyefood
262,1-5-2021,1039,5,getEntityToAttack
263,1-5-2021,1039,5,initCraftableStats
264,1-5-2021,1039,5,isBreedingItem
265,1-5-2021,1039,5,isInLove
266,1-5-2021,1039,5,addRecipesWeapon
267,1-5-2021,1039,5,renderCrossedSquares
268,1-5-2021,1039,5,addRecipesDyefood
269,1-5-2021,1039,5,canPickUpLoot
270,1-5-2021,1039,5,matches
271,1-5-2021,1039,5,aquaAffinity
272,1-5-2021,1039,5,isInLove
273,1-5-2021,1039,5,getCraftingResult
274,1-5-2021,1039,5,updateLeashedState
275,1-5-2021,1039,5,getCraftingResult
276,1-5-2021,1039,5,canBeSteered
277,1-5-2021,1039,5,canPickUpLoot
278,1-5-2021,1039,5,applyArmorCalculations
279,1-5-2021,1039,5,dropFewItems
280,1-5-2021,1039,5,aquaAffinity
281,1-5-2021,1039,5,addRecipesWeapon
282,1-5-2021,1039,5,addRecipesTool
283,1-5-2021,1039,5,renderCrossedSquares
284,1-5-2021,1039,5,doesContainerItemLeaveCraftingGrid
285,1-5-2021,1039,5,fall
286,1-5-2021,1039,5,isInLove
287,1-5-2021,1039,5,aquaAffinity
288,1-5-2021,1039,5,fall
289,1-5-2021,1039,5,applyArmorCalculations
290,1-5-2021,1039,5,addRecipesWeapon
291,1-5-2021,1039,5,canPickUpLoot
292,1-5-2021,1039,5,addRecipesDye
293,1-5-2021,1039,5,addRecipesIngot
294,1-5-2021,1039,5,applyArmorCalculations
295,1-5-2021,1039,5,displayGUIWorkbench
296,1-5-2021,1039,5,onKillEntity
297,1-5-2021,1039,5,addRecipesDye
298,1-5-2021,1039,5,isBreedingItem
299,1-5-2021,1039,5,updateLeashedState
300,2-5-2021,1039,5,onKillEntity
301,2-5-2021,1039,5,addRecipesCrafting
302,2-5-2021,1039,5,canPickUpLoot
303,2-5-2021,1039,5,matches
304,2-5-2021,1039,5,dropFewItems
305,2-5-2021,1039,5,procreate
306,2-5-2021,1039,5,initCraftableStats
307,2-5-2021,1039,5,onKillEntity
308,2-5-2021,1039,5,updateLeashedState
309,2-5-2021,1039,5,addRecipesCrafting
310,2-5-2021,1039,5,setInventorySlotContents
311,2-5-2021,1039,5,addRecipesIngot
312,2-5-2021,1039,5,dropFewItems
313,2-5-2021,1039,5,aquaAffinity
314,2-5-2021,1039,5,addRecipesTool
315,2-5-2021,1039,5,addRecipesWeapon
316,2-5-2021,1039,5,getEntityToAttack
317,2-5-2021,1039,5,updateLeashedState
318,2-5-2021,1039,5,aquaAffinity
319,2-5-2021,1039,5,isInLove
320,2-5-2021,1039,5,canPickUpLoot
321,2-5-2021,1039,5,canPickUpLoot
322,2-5-2021,1039,5,setInventorySlotContents
323,2-5-2021,1039,5,canPickUpLoot
324,2-5-2021,1039,5,displayGUIWorkbench
325,2-5-2021,1039,5,applyArmorCalculations
326,2-5-2021,1039,5,miningPlayerEntId
327,2-5-2021,1039,5,procreate
328,2-5-2021,1039,5,addRecipesCrafting
329,2-5-2021,1039,5,attemptDamageItem
330,2-5-2021,1039,5,addRecipesTool
331,2-5-2021,1039,5,setInventorySlotContents
332,2-5-2021,1039,5,onCrafting
333,2-5-2021,1039,5,addRecipesWeapon
334,2-5-2021,1039,5,displayGUIWorkbench
335,2-5-2021,1039,5,getCraftingResult
336,2-5-2021,1039,5,matches
337,2-5-2021,1039,5,getCraftingResult
338,2-5-2021,1039,5,setInventorySlotContents
339,2-5-2021,1039,5,procreate
340,2-5-2021,1039,5,addRecipesWeapon
341,2-5-2021,1039,5,displayGUIWorkbench
342,2-5-2021,1039,5,dropFewItems
343,2-5-2021,1039,5,fall
344,2-5-2021,1039,5,addRecipesWeapon
345,2-5-2021,1039,5,canMineBlock
346,2-5-2021,1039,5,fall
347,2-5-2021,1039,5,canPickUpLoot
348,2-5-2021,1039,5,doesContainerItemLeaveCraftingGrid
349,2-5-2021,1039,5,displayGUIWorkbench
350,2-5-2021,1039,5,onKillEntity
351,2-5-2021,1039,5,canBeSteered
352,2-5-2021,1039,5,addRecipesDye
353,2-5-2021,1039,5,applyArmorCalculations
354,2-5-2021,1039,5,setInventorySlotContents
355,2-5-2021,1039,5,renderCrossedSquares
356,2-5-2021,1039,5,procreate
357,2-5-2021,1039,5,addRecipesDyefood
358,2-5-2021,1039,5,addRecipesIngot
359,2-5-2021,1039,5,addRecipesDye
360,2-5-2021,1039,5,isBreedingItem
361,2-5-2021,1039,5,isBreedingItem
362,2-5-2021,1039,5,findPlayerToAttack
363,2-5-2021,1039,5,addRecipesIngot
364,2-5-2021,1039,5,addRecipesTool
365,2-5-2021,1039,5,addRecipesDye
366,2-5-2021,1039,5,isBreedingItem
367,2-5-2021,1039,5,doesContainerItemLeaveCraftingGrid
368,2-5-2021,1039,5,canMineBlock
369,2-5-2021,1039,5,isBreedingItem
370,2-5-2021,1039,5,getEntityToAttack
371,2-5-2021,1039,5,displayGUIWorkbench
372,2-5-2021,1039,5,doesContainerItemLeaveCraftingGrid
373,2-5-2021,1039,5,procreate
374,2-5-2021,1039,5,aquaAffinity
375,2-5-2021,1039,5,matches
376,2-5-2021,1039,5,addRecipesCrafting
377,2-5-2021,1039,5,initCraftableStats
378,2-5-2021,1039,5,updateLeashedState
379,2-5-2021,1039,5,addRecipesDye
380,2-5-2021,1039,5,addRecipesDye
381,2-5-2021,1039,5,addRecipesWeapon
382,2-5-2021,1039,5,addRecipesDye
383,2-5-2021,1039,5,findPlayerToAttack
384,2-5-2021,1039,5,aquaAffinity
385,2-5-2021,1039,5,addRecipesDye
386,2-5-2021,1039,5,setInventorySlotContents
387,2-5-2021,1039,5,displayGUIWorkbench
388,2-5-2021,1039,5,fall
389,2-5-2021,1039,5,displayGUIWorkbench
390,2-5-2021,1039,5,canMineBlock
391,2-5-2021,1039,5,addRecipesIngot
392,2-5-2021,1039,5,setInventorySlotContents
393,2-5-2021,1039,5,addRecipesDyefood
394,2-5-2021,1039,5,findPlayerToAttack
395,2-5-2021,1039,5,addRecipesWeapon
396,2-5-2021,1039,5,fall
397,2-5-2021,1039,5,procreate
398,2-5-2021,1039,5,miningPlayerEntId
399,2-5-2021,1039,5,addRecipesIngot
400,2-5-2021,1039,5,findPlayerToAttack
401,2-5-2021,1039,5,addRecipesCrafting
402,2-5-2021,1039,5,addRecipesDye
403,2-5-2021,1039,5,matches
404,2-5-2021,1039,5,addRecipesCrafting
405,2-5-2021,1039,5,fall
406,2-5-2021,1039,5,attemptDamageItem
407,2-5-2021,1039,5,applyArmorCalculations
408,2-5-2021,1039,5,addRecipesTool
409,2-5-2021,1039,5,addRecipesDye
410,2-5-2021,1039,5,doesContainerItemLeaveCraftingGrid
411,2-5-2021,1039,5,initCraftableStats
412,2-5-2021,1039,5,addRecipesCrafting
413,2-5-2021,1039,5,findPlayerToAttack
414,2-5-2021,1039,5,addRecipesCrafting
415,2-5-2021,1039,5,findPlayerToAttack
416,2-5-2021,1039,5,miningPlayerEntId
417,2-5-2021,1039,5,addRecipesDyefood
418,2-5-2021,1039,5,fall
419,2-5-2021,1039,5,addRecipesDyefood
420,2-5-2021,1039,5,getCraftingResult
421,2-5-2021,1039,5,procreate
422,2-5-2021,1039,5,doesContainerItemLeaveCraftingGrid
423,2-5-2021,1039,5,renderCrossedSquares
424,2-5-2021,1039,5,addRecipesWeapon
425,2-5-2021,1039,5,aquaAffinity
426,2-5-2021,1039,5,addRecipesDye
427,2-5-2021,1039,5,canMineBlock
428,2-5-2021,1039,5,canBeSteered
429,2-5-2021,1039,5,getCraftingResult
430,2-5-2021,1039,5,addRecipesCrafting
431,2-5-2021,1039,5,matches
432,2-5-2021,1039,5,addRecipesWeapon
433,2-5-2021,1039,5,canBeSteered
434,2-5-2021,1039,5,applyArmorCalculations
435,2-5-2021,1039,5,onCrafting
436,2-5-2021,1039,5,addRecipesCrafting
437,2-5-2021,1039,5,addRecipesIngot
438,2-5-2021,1039,5,doesContainerItemLeaveCraftingGrid
439,2-5-2021,1039,5,getCraftingResult
440,2-5-2021,1039,5,fall
441,2-5-2021,1039,5,renderCrossedSquares
442,2-5-2021,1039,5,addRecipesCrafting
443,2-5-2021,1039,5,initCraftableStats
444,2-5-2021,1039,5,fall
445,2-5-2021,1039,5,addRecipesCrafting
446,2-5-2021,1039,5,getEntityToAttack
447,2-5-2021,1039,5,isBreedingItem
448,2-5-2021,1039,5,fall
449,2-5-2021,1039,5,canPickUpLoot
450,2-5-2021,1039,5,renderCrossedSquares
451,2-5-2021,1039,5,updateLeashedState
452,2-5-2021,1039,5,addRecipesIngot
453,2-5-2021,1039,5,displayGUIWorkbench
454,2-5-2021,1039,5,attemptDamageItem
455,2-5-2021,1039,5,displayGUIWorkbench
456,2-5-2021,1039,5,fall
457,2-5-2021,1039,5,addRecipesDye
458,2-5-2021,1039,5,addRecipesDyefood
459,2-5-2021,1039,5,applyArmorCalculations
460,2-5-2021,1039,5,applyArmorCalculations
461,2-5-2021,1039,5,addRecipesTool
462,2-5-2021,1039,5,displayGUIWorkbench
463,2-5-2021,1039,5,onCrafting
464,2-5-2021,1039,5,applyArmorCalculations
465,2-5-2021,1039,5,isInLove
466,2-5-2021,1039,5,isBreedingItem
467,2-5-2021,1039,5,canPickUpLoot
468,2-5-2021,1039,5,getEntityToAttack
469,2-5-2021,1039,5,getCraftingResult
470,2-5-2021,1039,5,addRecipesDye
471,2-5-2021,1039,5,canMineBlock
472,2-5-2021,1039,5,addRecipesDye
473,2-5-2021,1039,5,getCraftingResult
474,2-5-2021,1039,5,miningPlayerEntId
475,2-5-2021,1039,5,procreate
476,2-5-2021,1039,5,addRecipesDyefood
477,2-5-2021,1039,5,displayGUIWorkbench
478,2-5-2021,1039,5,addRecipesIngot
479,2-5-2021,1039,5,onCrafting
480,2-5-2021,1039,5,aquaAffinity
481,2-5-2021,1039,5,canPickUpLoot
482,2-5-2021,1039,5,displayGUIWorkbench
483,2-5-2021,1039,5,dropFewItems
484,2-5-2021,1039,5,displayGUIWorkbench
485,2-5-2021,1039,5,aquaAffinity
486,2-5-2021,1039,5,addRecipesIngot
487,2-5-2021,1039,5,canBeSteered
488,2-5-2021,1039,5,isBreedingItem
489,2-5-2021,1039,5,canBeSteered
490,2-5-2021,1039,5,isInLove
491,2-5-2021,1039,5,isBreedingItem
492,2-5-2021,1039,5,setInventorySlotContents
493,2-5-2021,1039,5,addRecipesCrafting
494,2-5-2021,1039,5,initCraftableStats
495,2-5-2021,1039,5,addRecipesCrafting
496,2-5-2021,1039,5,fall
497,2-5-2021,1039,5,initCraftableStats
498,2-5-2021,1039,5,displayGUIWorkbench
499,2-5-2021,1039,5,addRecipesWeapon
500,2-5-2021,1039,5,doesContainerItemLeaveCraftingGrid
501,2-5-2021,1039,5,matches
502,2-5-2021,1039,5,procreate
503,2-5-2021,1039,5,miningPlayerEntId
504,2-5-2021,1039,5,matches
505,2-5-2021,1039,5,addRecipesIngot
506,2-5-2021,1039,5,initCraftableStats
507,2-5-2021,1039,5,addRecipesIngot
508,2-5-2021,1039,5,canBeSteered
509,2-5-2021,1039,5,addRecipesIngot
510,2-5-2021,1039,5,addRecipesCrafting
511,2-5-2021,1039,5,canPickUpLoot
512,2-5-2021,1039,5,getCraftingResult
513,2-5-2021,1039,5,isInLove
514,2-5-2021,1039,5,initCraftableStats
515,2-5-2021,1039,5,getEntityToAttack
516,2-5-2021,1039,5,onCrafting
517,2-5-2021,1039,5,miningPlayerEntId
518,2-5-2021,1039,5,updateLeashedState
519,2-5-2021,1039,5,addRecipesIngot
520,2-5-2021,1039,5,addRecipesCrafting
521,2-5-2021,1039,5,fall
522,2-5-2021,1039,5,dropFewItems
523,2-5-2021,1039,5,fall
524,2-5-2021,1039,5,onKillEntity
525,2-5-2021,1039,5,isInLove
526,2-5-2021,1039,5,fall
527,2-5-2021,1039,5,applyArmorCalculations
528,2-5-2021,1039,5,doesContainerItemLeaveCraftingGrid
529,2-5-2021,1039,5,isBreedingItem
530,2-5-2021,1039,5,setInventorySlotContents
531,2-5-2021,1039,5,setInventorySlotContents
532,2-5-2021,1039,5,addRecipesCrafting
533,2-5-2021,1039,5,canBeSteered
534,2-5-2021,1039,5,onKillEntity
535,2-5-2021,1039,5,attemptDamageItem
536,2-5-2021,1039,5,canBeSteered
537,2-5-2021,1039,5,applyArmorCalculations
538,2-5-2021,1039,5,addRecipesWeapon
539,2-5-2021,1039,5,matches
540,2-5-2021,1039,5,addRecipesTool
541,2-5-2021,1039,5,canBeSteered
542,2-5-2021,1039,5,addRecipesCrafting
543,2-5-2021,1039,5,procreate
544,2-5-2021,1039,5,attemptDamageItem
545,2-5-2021,1039,5,getEntityToAttack
546,2-5-2021,1039,5,attemptDamageItem
547,2-5-2021,1039,5,getEntityToAttack
548,2-5-2021,1039,5,initCraftableStats
549,2-5-2021,1039,5,renderCrossedSquares
550,2-5-2021,1039,5,onKillEntity
551,2-5-2021,1039,5,canPickUpLoot
552,2-5-2021,1039,5,dropFewItems
553,2-5-2021,1039,5,doesContainerItemLeaveCraftingGrid
554,2-5-2021,1039,5,addRecipesDye
555,2-5-2021,1039,5,addRecipesCrafting
556,2-5-2021,1039,5,addRecipesDyefood
557,2-5-2021,1039,5,canBeSteered
558,2-5-2021,1039,5,initCraftableStats
559,2-5-2021,1039,5,attemptDamageItem
560,2-5-2021,1039,5,miningPlayerEntId
561,2-5-2021,1039,5,isBreedingItem
562,2-5-2021,1039,5,attemptDamageItem
563,2-5-2021,1039,5,addRecipesCrafting
564,2-5-2021,1039,5,setInventorySlotContents
565,2-5-2021,1039,5,fall
566,2-5-2021,1039,5,isInLove
567,2-5-2021,1039,5,renderCrossedSquares
568,2-5-2021,1039,5,onCrafting
569,2-5-2021,1039,5,displayGUIWorkbench
570,2-5-2021,1039,5,updateLeashedState
571,2-5-2021,1039,5,addRecipesDyefood
572,2-5-2021,1039,5,addRecipesIngot
573,2-5-2021,1039,5,onKillEntity
574,2-5-2021,1039,5,onCrafting
575,2-5-2021,1039,5,renderCrossedSquares
576,2-5-2021,1039,5,onKillEntity
577,2-5-2021,1039,5,addRecipesCrafting
578,2-5-2021,1039,5,addRecipesDye
579,2-5-2021,1039,5,onCrafting
580,2-5-2021,1039,5,dropFewItems
581,2-5-2021,1039,5,matches
582,2-5-2021,1039,5,addRecipesCrafting
583,2-5-2021,1039,5,canBeSteered
584,2-5-2021,1039,5,onKillEntity
585,2-5-2021,1039,5,canPickUpLoot
586,2-5-2021,1039,5,doesContainerItemLeaveCraftingGrid
587,2-5-2021,1039,5,getCraftingResult
588,2-5-2021,1039,5,fall
589,2-5-2021,1039,5,addRecipesDyefood
590,2-5-2021,1039,5,matches
591,2-5-2021,1039,5,initCraftableStats
592,2-5-2021,1039,5,getCraftingResult
593,2-5-2021,1039,5,addRecipesCrafting
594,2-5-2021,1039,5,canMineBlock
595,2-5-2021,1039,5,addRecipesIngot
596,2-5-2021,1039,5,updateLeashedState
597,2-5-2021,1039,5,addRecipesDyefood
598,2-5-2021,1039,5,updateLeashedState
599,2-5-2021,1039,5,getEntityToAttack
600,3-5-2021,1039,5,miningPlayerEntId
601,3-5-2021,1039,5,findPlayerToAttack
602,3-5-2021,1039,5,fall
603,3-5-2021,1039,5,addRecipesDyefood
604,3-5-2021,1039,5,canMineBlock
605,3-5-2021,1039,5,miningPlayerEntId
606,3-5-2021,1039,5,renderCrossedSquares
607,3-5-2021,1039,5,displayGUIWorkbench
608,3-5-2021,1039,5,doesContainerItemLeaveCraftingGrid
609,3-5-2021,1039,5,aquaAffinity
610,3-5-2021,1039,5,aquaAffinity
611,3-5-2021,1039,5,applyArmorCalculations
612,3-5-2021,1039,5,dropFewItems
613,3-5-2021,1039,5,isInLove
614,3-5-2021,1039,5,miningPlayerEntId
615,3-5-2021,1039,5,updateLeashedState
616,3-5-2021,1039,5,canMineBlock
617,3-5-2021,1039,5,attemptDamageItem
618,3-5-2021,1039,5,aquaAffinity
619,3-5-2021,1039,5,updateLeashedState
620,3-5-2021,1039,5,attemptDamageItem
621,3-5-2021,1039,5,aquaAffinity
622,3-5-2021,1039,5,addRecipesDyefood
623,3-5-2021,1039,5,procreate
624,3-5-2021,1039,5,procreate
625,3-5-2021,1039,5,updateLeashedState
626,3-5-2021,1039,5,isBreedingItem
627,3-5-2021,1039,5,canPickUpLoot
628,3-5-2021,1039,5,addRecipesWeapon
629,3-5-2021,1039,5,onCrafting
630,3-5-2021,1039,5,addRecipesDyefood
631,3-5-2021,1039,5,addRecipesTool
632,3-5-2021,1039,5,doesContainerItemLeaveCraftingGrid
633,3-5-2021,1039,5,canMineBlock
634,3-5-2021,1039,5,renderCrossedSquares
635,3-5-2021,1039,5,displayGUIWorkbench
636,3-5-2021,1039,5,displayGUIWorkbench
637,3-5-2021,1039,5,attemptDamageItem
638,3-5-2021,1039,5,addRecipesWeapon
639,3-5-2021,1039,5,getCraftingResult
640,3-5-2021,1039,5,miningPlayerEntId
641,3-5-2021,1039,5,dropFewItems
642,3-5-2021,1039,5,initCraftableStats
643,3-5-2021,1039,5,matches
644,3-5-2021,1039,5,findPlayerToAttack
645,3-5-2021,1039,5,procreate
646,3-5-2021,1039,5,addRecipesDyefood
647,3-5-2021,1039,5,addRecipesCrafting
648,3-5-2021,1039,5,canPickUpLoot
649,3-5-2021,1039,5,matches
650,3-5-2021,1039,5,matches
651,3-5-2021,1039,5,getCraftingResult
652,3-5-2021,1039,5,canMineBlock
653,3-5-2021,1039,5,isInLove
654,3-5-2021,1039,5,addRecipesDyefood
655,3-5-2021,1039,5,attemptDamageItem
656,3-5-2021,1039,5,findPlayerToAttack
657,3-5-2021,1039,5,updateLeashedState
658,3-5-2021,1039,5,dropFewItems
659,3-5-2021,1039,5,miningPlayerEntId
660,3-5-2021,1039,5,addRecipesDye
661,3-5-2021,1039,5,initCraftableStats
662,3-5-2021,1039,5,getCraftingResult
663,3-5-2021,1039,5,canPickUpLoot
664,3-5-2021,1039,5,procreate
665,3-5-2021,1039,5,fall
666,3-5-2021,1039,5,findPlayerToAttack
667,3-5-2021,1039,5,getEntityToAttack
668,3-5-2021,1039,5,canBeSteered
669,3-5-2021,1039,5,updateLeashedState
670,3-5-2021,1039,5,canMineBlock
671,3-5-2021,1039,5,miningPlayerEntId
672,3-5-2021,1039,5,fall
673,3-5-2021,1039,5,procreate
674,3-5-2021,1039,5,isBreedingItem
675,3-5-2021,1039,5,aquaAffinity
676,3-5-2021,1039,5,miningPlayerEntId
677,3-5-2021,1039,5,canMineBlock
678,3-5-2021,1039,5,miningPlayerEntId
679,3-5-2021,1039,5,getEntityToAttack
680,3-5-2021,1039,5,addRecipesTool
681,3-5-2021,1039,5,getEntityToAttack
682,3-5-2021,1039,5,addRecipesCrafting
683,3-5-2021,1039,5,aquaAffinity
684,3-5-2021,1039,5,updateLeashedState
685,3-5-2021,1039,5,canBeSteered
686,3-5-2021,1039,5,applyArmorCalculations
687,3-5-2021,1039,5,onKillEntity
688,3-5-2021,1039,5,fall
689,3-5-2021,1039,5,findPlayerToAttack
690,3-5-2021,1039,5,applyArmorCalculations
691,3-5-2021,1039,5,isInLove
692,3-5-2021,1039,5,isInLove
693,3-5-2021,1039,5,setInventorySlotContents
694,3-5-2021,1039,5,addRecipesTool
695,3-5-2021,1039,5,updateLeashedState
696,3-5-2021,1039,5,addRecipesCrafting
697,3-5-2021,1039,5,initCraftableStats
698,3-5-2021,1039,5,updateLeashedState
699,3-5-2021,1039,5,getCraftingResult
700,3-5-2021,1039,5,getEntityToAttack
701,3-5-2021,1039,5,setInventorySlotContents
702,3-5-2021,1039,5,findPlayerToAttack
703,3-5-2021,1039,5,procreate
704,3-5-2021,1039,5,doesContainerItemLeaveCraftingGrid
705,3-5-2021,1039,5,addRecipesDye
706,3-5-2021,1039,5,procreate
707,3-5-2021,1039,5,matches
708,3-5-2021,1039,5,canBeSteered
709,3-5-2021,1039,5,matches
710,3-5-2021,1039,5,updateLeashedState
711,3-5-2021,1039,5,matches
712,3-5-2021,1039,5,dropFewItems
713,3-5-2021,1039,5,initCraftableStats
714,3-5-2021,1039,5,miningPlayerEntId
715,3-5-2021,1039,5,addRecipesIngot
716,3-5-2021,1039,5,addRecipesWeapon
717,3-5-2021,1039,5,miningPlayerEntId
718,3-5-2021,1039,5,addRecipesDyefood
719,3-5-2021,1039,5,addRecipesCrafting
720,3-5-2021,1039,5,canBeSteered
721,3-5-2021,1039,5,updateLeashedState
722,3-5-2021,1039,5,updateLeashedState
723,3-5-2021,1039,5,addRecipesIngot
724,3-5-2021,1039,5,addRecipesTool
725,3-5-2021,1039,5,addRecipesDye
726,3-5-2021,1039,5,updateLeashedState
727,3-5-2021,1039,5,renderCrossedSquares
728,3-5-2021,1039,5,getEntityToAttack
729,3-5-2021,1039,5,addRecipesCrafting
730,3-5-2021,1039,5,matches
731,3-5-2021,1039,5,findPlayerToAttack
732,3-5-2021,1039,5,isBreedingItem
733,3-5-2021,1039,5,findPlayerToAttack
734,3-5-2021,1039,5,updateLeashedState
735,3-5-2021,1039,5,addRecipesTool
736,3-5-2021,1039,5,renderCrossedSquares
737,3-5-2021,1039,5,canBeSteered
738,3-5-2021,1039,5,canPickUpLoot
739,3-5-2021,1039,5,renderCrossedSquares
740,3-5-2021,1039,5,getEntityToAttack
741,3-5-2021,1039,5,updateLeashedState
742,3-5-2021,1039,5,isBreedingItem
743,3-5-2021,1039,5,miningPlayerEntId
744,3-5-2021,1039,5,canMineBlock
745,3-5-2021,1039,5,fall
746,3-5-2021,1039,5,addRecipesIngot
747,3-5-2021,1039,5,doesContainerItemLeaveCraftingGrid
748,3-5-2021,1039,5,onCrafting
749,3-5-2021,1039,5,addRecipesTool
750,3-5-2021,1039,5,aquaAffinity
751,3-5-2021,1039,5,attemptDamageItem
752,3-5-2021,1039,5,addRecipesCrafting
753,3-5-2021,1039,5,canMineBlock
754,3-5-2021,1039,5,canPickUpLoot
755,3-5-2021,1039,5,aquaAffinity
756,3-5-2021,1039,5,isInLove
757,3-5-2021,1039,5,dropFewItems
758,3-5-2021,1039,5,attemptDamageItem
759,3-5-2021,1039,5,renderCrossedSquares
760,3-5-2021,1039,5,aquaAffinity
761,3-5-2021,1039,5,displayGUIWorkbench
762,3-5-2021,1039,5,procreate
763,3-5-2021,1039,5,addRecipesCrafting
764,3-5-2021,1039,5,onCrafting
765,3-5-2021,1039,5,findPlayerToAttack
766,3-5-2021,1039,5,procreate
767,3-5-2021,1039,5,updateLeashedState
768,3-5-2021,1039,5,canMineBlock
769,3-5-2021,1039,5,isInLove
770,3-5-2021,1039,5,addRecipesWeapon
771,3-5-2021,1039,5,addRecipesWeapon
772,3-5-2021,1039,5,setInventorySlotContents
773,3-5-2021,1039,5,updateLeashedState
774,3-5-2021,1039,5,initCraftableStats
775,3-5-2021,1039,5,fall
776,3-5-2021,1039,5,getEntityToAttack
777,3-5-2021,1039,5,addRecipesDyefood
778,3-5-2021,1039,5,addRecipesDyefood
779,3-5-2021,1039,5,fall
780,3-5-2021,1039,5,canMineBlock
781,3-5-2021,1039,5,addRecipesCrafting
782,3-5-2021,1039,5,findPlayerToAttack
783,3-5-2021,1039,5,applyArmorCalculations
784,3-5-2021,1039,5,canPickUpLoot
785,3-5-2021,1039,5,onKillEntity
786,3-5-2021,1039,5,setInventorySlotContents
787,3-5-2021,1039,5,isBreedingItem
788,3-5-2021,1039,5,doesContainerItemLeaveCraftingGrid
789,3-5-2021,1039,5,addRecipesDye
790,3-5-2021,1039,5,addRecipesDye
791,3-5-2021,1039,5,onKillEntity
792,3-5-2021,1039,5,canMineBlock
793,3-5-2021,1039,5,canPickUpLoot
794,3-5-2021,1039,5,fall
795,3-5-2021,1039,5,isBreedingItem
796,3-5-2021,1039,5,addRecipesWeapon
797,3-5-2021,1039,5,renderCrossedSquares
798,3-5-2021,1039,5,onCrafting
799,3-5-2021,1039,5,onKillEntity
800,3-5-2021,1039,5,fall
801,3-5-2021,1039,5,fall
802,3-5-2021,1039,5,fall
803,3-5-2021,1039,5,isBreedingItem
804,3-5-2021,1039,5,findPlayerToAttack
805,3-5-2021,1039,5,getCraftingResult
806,3-5-2021,1039,5,findPlayerToAttack
807,3-5-2021,1039,5,canBeSteered
808,3-5-2021,1039,5,initCraftableStats
809,3-5-2021,1039,5,isBreedingItem
810,3-5-2021,1039,5,addRecipesCrafting
811,3-5-2021,1039,5,dropFewItems
812,3-5-2021,1039,5,isBreedingItem
813,3-5-2021,1039,5,isInLove
814,3-5-2021,1039,5,getCraftingResult
815,3-5-2021,1039,5,addRecipesTool
816,3-5-2021,1039,5,isInLove
817,3-5-2021,1039,5,canBeSteered
818,3-5-2021,1039,5,onCrafting
819,3-5-2021,1039,5,onCrafting
820,3-5-2021,1039,5,fall
821,3-5-2021,1039,5,fall
822,3-5-2021,1039,5,getEntityToAttack
823,3-5-2021,1039,5,doesContainerItemLeaveCraftingGrid
824,3-5-2021,1039,5,isInLove
825,3-5-2021,1039,5,procreate
826,3-5-2021,1039,5,displayGUIWorkbench
827,3-5-2021,1039,5,findPlayerToAttack
828,3-5-2021,1039,5,canBeSteered
829,3-5-2021,1039,5,matches
830,3-5-2021,1039,5,applyArmorCalculations
831,3-5-2021,1039,5,addRecipesDyefood
832,3-5-2021,1039,5,fall
833,3-5-2021,1039,5,miningPlayerEntId
834,3-5-2021,1039,5,findPlayerToAttack
835,3-5-2021,1039,5,matches
836,3-5-2021,1039,5,matches
837,3-5-2021,1039,5,canMineBlock
838,3-5-2021,1039,5,addRecipesWeapon
839,3-5-2021,1039,5,updateLeashedState
840,3-5-2021,1039,5,addRecipesWeapon
841,3-5-2021,1039,5,addRecipesDye
842,3-5-2021,1039,5,displayGUIWorkbench
843,3-5-2021,1039,5,applyArmorCalculations
844,3-5-2021,1039,5,setInventorySlotContents
845,3-5-2021,1039,5,attemptDamageItem
846,3-5-2021,1039,5,updateLeashedState
847,3-5-2021,1039,5,setInventorySlotContents
848,3-5-2021,1039,5,applyArmorCalculations
849,3-5-2021,1039,5,dropFewItems
850,3-5-2021,1039,5,renderCrossedSquares
851,3-5-2021,1039,5,doesContainerItemLeaveCraftingGrid
852,3-5-2021,1039,5,initCraftableStats
853,3-5-2021,1039,5,miningPlayerEntId
854,3-5-2021,1039,5,displayGUIWorkbench
855,3-5-2021,1039,5,onKillEntity
856,3-5-2021,1039,5,applyArmorCalculations
857,3-5-2021,1039,5,getEntityToAttack
858,3-5-2021,1039,5,addRecipesWeapon
859,3-5-2021,1039,5,applyArmorCalculations
860,3-5-2021,1039,5,aquaAffinity
861,3-5-2021,1039,5,setInventorySlotContents
862,3-5-2021,1039,5,onCrafting
863,3-5-2021,1039,5,updateLeashedState
864,3-5-2021,1039,5,getCraftingResult
865,3-5-2021,1039,5,updateLeashedState
866,3-5-2021,1039,5,miningPlayerEntId
867,3-5-2021,1039,5,dropFewItems
868,3-5-2021,1039,5,aquaAffinity
869,3-5-2021,1039,5,matches
870,3-5-2021,1039,5,aquaAffinity
871,3-5-2021,1039,5,displayGUIWorkbench
872,3-5-2021,1039,5,canMineBlock
873,3-5-2021,1039,5,aquaAffinity
874,3-5-2021,1039,5,canPickUpLoot
875,3-5-2021,1039,5,canBeSteered
876,3-5-2021,1039,5,canPickUpLoot
877,3-5-2021,1039,5,fall
878,3-5-2021,1039,5,canPickUpLoot
879,3-5-2021,1039,5,initCraftableStats
880,3-5-2021,1039,5,miningPlayerEntId
881,3-5-2021,1039,5,addRecipesDyefood
882,3-5-2021,1039,5,applyArmorCalculations
883,3-5-2021,1039,5,attemptDamageItem
884,3-5-2021,1039,5,canMineBlock
885,3-5-2021,1039,5,canPickUpLoot
886,3-5-2021,1039,5,updateLeashedState
887,3-5-2021,1039,5,getEntityToAttack
888,3-5-2021,1039,5,canMineBlock
889,3-5-2021,1039,5,dropFewItems
890,3-5-2021,1039,5,canBeSteered
891,3-5-2021,1039,5,procreate
892,3-5-2021,1039,5,aquaAffinity
893,3-5-2021,1039,5,applyArmorCalculations
894,3-5-2021,1039,5,addRecipesWeapon
895,3-5-2021,1039,5,onKillEntity
896,3-5-2021,1039,5,isBreedingItem
897,3-5-2021,1039,5,updateLeashedState
898,3-5-2021,1039,5,canBeSteered
899,3-5-2021,1039,5,addRecipesDyefood
900,4-5-2021,1039,5,canMineBlock
901,4-5-2021,1039,5,getCraftingResult
902,4-5-2021,1039,5,addRecipesTool
903,4-5-2021,1039,5,onCrafting
904,4-5-2021,1039,5,addRecipesDye
905,4-5-2021,1039,5,getEntityToAttack
906,4-5-2021,1039,5,procreate
907,4-5-2021,1039,5,addRecipesDyefood
908,4-5-2021,1039,5,canPickUpLoot
909,4-5-2021,1039,5,addRecipesTool
910,4-5-2021,1039,5,procreate
911,4-5-2021,1039,5,addRecipesTool
912,4-5-2021,1039,5,canBeSteered
913,4-5-2021,1039,5,renderCrossedSquares
914,4-5-2021,1039,5,getCraftingResult
915,4-5-2021,1039,5,addRecipesDyefood
916,4-5-2021,1039,5,fall
917,4-5-2021,1039,5,matches
918,4-5-2021,1039,5,canMineBlock
919,4-5-2021,1039,5,setInventorySlotContents
920,4-5-2021,1039,5,renderCrossedSquares
921,4-5-2021,1039,5,matches
922,4-5-2021,1039,5,getEntityToAttack
923,4-5-2021,1039,5,attemptDamageItem
924,4-5-2021,1039,5,dropFewItems
925,4-5-2021,1039,5,renderCrossedSquares
926,4-5-2021,1039,5,addRecipesWeapon
927,4-5-2021,1039,5,addRecipesIngot
928,4-5-2021,1039,5,renderCrossedSquares
929,4-5-2021,1039,5,addRecipesDyefood
930,4-5-2021,1039,5,fall
931,4-5-2021,1039,5,displayGUIWorkbench
932,4-5-2021,1039,5,doesContainerItemLeaveCraftingGrid
933,4-5-2021,1039,5,addRecipesTool
934,4-5-2021,1039,5,doesContainerItemLeaveCraftingGrid
935,4-5-2021,1039,5,fall
936,4-5-2021,1039,5,renderCrossedSquares
937,4-5-2021,1039,5,procreate
938,4-5-2021,1039,5,addRecipesDyefood
939,4-5-2021,1039,5,updateLeashedState
940,4-5-2021,1039,5,canMineBlock
941,4-5-2021,1039,5,addRecipesDyefood
942,4-5-2021,1039,5,findPlayerToAttack
943,4-5-2021,1039,5,matches
944,4-5-2021,1039,5,addRecipesWeapon
945,4-5-2021,1039,5,renderCrossedSquares
946,4-5-2021,1039,5,addRecipesTool
947,4-5-2021,1039,5,onKillEntity
948,4-5-2021,1039,5,fall
949,4-5-2021,1039,5,isInLove
950,4-5-2021,1039,5,fall
951,4-5-2021,1039,5,miningPlayerEntId
952,4-5-2021,1039,5,matches
953,4-5-2021,1039,5,aquaAffinity
954,4-5-2021,1039,5,addRecipesIngot
955,4-5-2021,1039,5,addRecipesTool
956,4-5-2021,1039,5,getEntityToAttack
957,4-5-2021,1039,5,findPlayerToAttack
958,4-5-2021,1039,5,findPlayerToAttack
959,4-5-2021,1039,5,addRecipesIngot
960,4-5-2021,1039,5,applyArmorCalculations
961,4-5-2021,1039,5,procreate
962,4-5-2021,1039,5,attemptDamageItem
963,4-5-2021,1039,5,addRecipesIngot
964,4-5-2021,1039,5,setInventorySlotContents
965,4-5-2021,1039,5,isInLove
966,4-5-2021,1039,5,dropFewItems
967,4-5-2021,1039,5,fall
968,4-5-2021,1039,5,addRecipesDye
969,4-5-2021,1039,5,isBreedingItem
970,4-5-2021,1039,5,onCrafting
971,4-5-2021,1039,5,isBreedingItem
972,4-5-2021,1039,5,isInLove
973,4-5-2021,1039,5,canBeSteered
974,4-5-2021,1039,5,setInventorySlotContents
975,4-5-2021,1039,5,addRecipesDye
976,4-5-2021,1039,5,addRecipesDyefood
977,4-5-2021,1039,5,addRecipesWeapon
978,4-5-2021,1039,5,findPlayerToAttack
979,4-5-2021,1039,5,isBreedingItem
980,4-5-2021,1039,5,attemptDamageItem
981,4-5-2021,1039,5,applyArmorCalculations
982,4-5-2021,1039,5,getEntityToAttack
983,4-5-2021,1039,5,canPickUpLoot
984,4-5-2021,1039,5,procreate
985,4-5-2021,1039,5,canBeSteered
986,4-5-2021,1039,5,matches
987,4-5-2021,1039,5,updateLeashedState
988,4-5-2021,1039,5,initCraftableStats
989,4-5-2021,1039,5,renderCrossedSquares
990,4-5-2021,1039,5,onKillEntity
991,4-5-2021,1039,5,aquaAffinity
992,4-5-2021,1039,5,matches
993,4-5-2021,1039,5,doesContainerItemLeaveCraftingGrid
994,4-5-2021,1039,5,addRecipesTool
995,4-5-2021,1039,5,dropFewItems
996,4-5-2021,1039,5,procreate
997,4-5-2021,1039,5,canMineBlock
998,4-5-2021,1039,5,onCrafting
999,4-5-2021,1039,5,onCrafting
1000,4-5-2021,1039,5,matches
1001,4-5-2021,1039,5,renderCrossedSquares
1002,4-5-2021,1039,5,addRecipesIngot
1003,4-5-2021,1039,5,addRecipesDye
1004,4-5-2021,1039,5,dropFewItems
1005,4-5-2021,1039,5,setInventorySlotContents
1006,4-5-2021,1039,5,addRecipesWeapon
1007,4-5-2021,1039,5,displayGUIWorkbench
1008,4-5-2021,1039,5,matches
1009,4-5-2021,1039,5,setInventorySlotContents
1010,4-5-2021,1039,5,fall
1011,4-5-2021,1039,5,aquaAffinity
1012,4-5-2021,1039,5,isInLove
1013,4-5-2021,1039,5,fall
1014,4-5-2021,1039,5,addRecipesWeapon
1015,4-5-2021,1039,5,dropFewItems
1016,4-5-2021,1039,5,canPickUpLoot
1017,4-5-2021,1039,5,miningPlayerEntId
1018,4-5-2021,1039,5,addRecipesTool
1019,4-5-2021,1039,5,addRecipesIngot
1020,4-5-2021,1039,5,miningPlayerEntId
1021,4-5-2021,1039,5,getEntityToAttack
1022,4-5-2021,1039,5,applyArmorCalculations
1023,4-5-2021,1039,5,addRecipesIngot
1024,4-5-2021,1039,5,onCrafting
1025,4-5-2021,1039,5,addRecipesDyefood
1026,4-5-2021,1039,5,onKillEntity
1027,4-5-2021,1039,5,findPlayerToAttack
1028,4-5-2021,1039,5,dropFewItems
1029,4-5-2021,1039,5,addRecipesDye
1030,4-5-2021,1039,5,fall
1031,4-5-2021,1039,5,doesContainerItemLeaveCraftingGrid
1032,4-5-2021,1039,5,getCraftingResult
1033,4-5-2021,1039,5,addRecipesTool
1034,4-5-2021,1039,5,isBreedingItem
1035,4-5-2021,1039,5,initCraftableStats
1036,4-5-2021,1039,5,updateLeashedState
1037,4-5-2021,1039,5,addRecipesDye
1038,4-5-2021,1039,5,getCraftingResult
1039,4-5-2021,1039,5,displayGUIWorkbench
1040,4-5-2021,1039,5,addRecipesWeapon
1041,4-5-2021,1039,5,updateLeashedState
1042,4-5-2021,1039,5,doesContainerItemLeaveCraftingGrid
1043,4-5-2021,1039,5,aquaAffinity
1044,4-5-2021,1039,5,matches
1045,4-5-2021,1039,5,addRecipesCrafting
1046,4-5-2021,1039,5,canMineBlock
1047,4-5-2021,1039,5,canPickUpLoot
1048,4-5-2021,1039,5,miningPlayerEntId
1049,4-5-2021,1039,5,attemptDamageItem
1050,4-5-2021,1039,5,canMineBlock
1051,4-5-2021,1039,5,canMineBlock
1052,4-5-2021,1039,5,addRecipesIngot
1053,4-5-2021,1039,5,isBreedingItem
1054,4-5-2021,1039,5,onCrafting
1055,4-5-2021,1039,5,onCrafting
1056,4-5-2021,1039,5,canPickUpLoot
1057,4-5-2021,1039,5,canBeSteered
1058,4-5-2021,1039,5,canPickUpLoot
1059,4-5-2021,1039,5,initCraftableStats
1060,4-5-2021,1039,5,getEntityToAttack
1061,4-5-2021,1039,5,canPickUpLoot
1062,4-5-2021,1039,5,displayGUIWorkbench
1063,4-5-2021,1039,5,getCraftingResult
1064,4-5-2021,1039,5,initCraftableStats
1065,4-5-2021,1039,5,initCraftableStats
1066,4-5-2021,1039,5,applyArmorCalculations
1067,4-5-2021,1039,5,canMineBlock
1068,4-5-2021,1039,5,findPlayerToAttack
1069,4-5-2021,1039,5,findPlayerToAttack
1070,4-5-2021,1039,5,addRecipesWeapon
1071,4-5-2021,1039,5,fall
1072,4-5-2021,1039,5,procreate
1073,4-5-2021,1039,5,isBreedingItem
1074,4-5-2021,1039,5,addRecipesWeapon
1075,4-5-2021,1039,5,initCraftableStats
1076,4-5-2021,1039,5,addRecipesDyefood
1077,4-5-2021,1039,5,doesContainerItemLeaveCraftingGrid
1078,4-5-2021,1039,5,onCrafting
1079,4-5-2021,1039,5,doesContainerItemLeaveCraftingGrid
1080,4-5-2021,1039,5,onKillEntity
1081,4-5-2021,1039,5,displayGUIWorkbench
1082,4-5-2021,1039,5,matches
1083,4-5-2021,1039,5,canBeSteered
1084,4-5-2021,1039,5,matches
1085,4-5-2021,1039,5,renderCrossedSquares
1086,4-5-2021,1039,5,matches
1087,4-5-2021,1039,5,onKillEntity
1088,4-5-2021,1039,5,findPlayerToAttack
1089,4-5-2021,1039,5,miningPlayerEntId
1090,4-5-2021,1039,5,isInLove
1091,4-5-2021,1039,5,attemptDamageItem
1092,4-5-2021,1039,5,attemptDamageItem
1093,4-5-2021,1039,5,applyArmorCalculations
1094,4-5-2021,1039,5,getCraftingResult
1095,4-5-2021,1039,5,getEntityToAttack
1096,4-5-2021,1039,5,canMineBlock
1097,4-5-2021,1039,5,isBreedingItem
1098,4-5-2021,1039,5,displayGUIWorkbench
1099,4-5-2021,1039,5,addRecipesTool
1100,4-5-2021,1039,5,setInventorySlotContents
1101,4-5-2021,1039,5,attemptDamageItem
1102,4-5-2021,1039,5,onCrafting
1103,4-5-2021,1039,5,setInventorySlotContents
1104,4-5-2021,1039,5,addRecipesTool
1105,4-5-2021,1039,5,canPickUpLoot
1106,4-5-2021,1039,5,updateLeashedState
1107,4-5-2021,1039,5,addRecipesIngot
1108,4-5-2021,1039,5,procreate
1109,4-5-2021,1039,5,onCrafting
1110,4-5-2021,1039,5,addRecipesWeapon
1111,4-5-2021,1039,5,displayGUIWorkbench
1112,4-5-2021,1039,5,displayGUIWorkbench
1113,4-5-2021,1039,5,addRecipesDye
1114,4-5-2021,1039,5,applyArmorCalculations
1115,4-5-2021,1039,5,onCrafting
1116,4-5-2021,1039,5,onKillEntity
1117,4-5-2021,1039,5,doesContainerItemLeaveCraftingGrid
1118,4-5-2021,1039,5,miningPlayerEntId
1119,4-5-2021,1039,5,canPickUpLoot
1120,4-5-2021,1039,5,addRecipesWeapon
1121,4-5-2021,1039,5,fall
1122,4-5-2021,1039,5,displayGUIWorkbench
1123,4-5-2021,1039,5,onKillEntity
1124,4-5-2021,1039,5,updateLeashedState
1125,4-5-2021,1039,5,findPlayerToAttack
1126,4-5-2021,1039,5,matches
1127,4-5-2021,1039,5,applyArmorCalculations
1128,4-5-2021,1039,5,attemptDamageItem
1129,4-5-2021,1039,5,fall
1130,4-5-2021,1039,5,onCrafting
1131,4-5-2021,1039,5,fall
1132,4-5-2021,1039,5,miningPlayerEntId
1133,4-5-2021,1039,5,doesContainerItemLeaveCraftingGrid
1134,4-5-2021,1039,5,addRecipesWeapon
1135,4-5-2021,1039,5,addRecipesDyefood
1136,4-5-2021,1039,5,initCraftableStats
1137,4-5-2021,1039,5,canMineBlock
1138,4-5-2021,1039,5,matches
1139,4-5-2021,1039,5,canBeSteered
1140,4-5-2021,1039,5,findPlayerToAttack
1141,4-5-2021,1039,5,getCraftingResult
1142,4-5-2021,1039,5,displayGUIWorkbench
1143,4-5-2021,1039,5,addRecipesTool
1144,4-5-2021,1039,5,doesContainerItemLeaveCraftingGrid
1145,4-5-2021,1039,5,onCrafting
1146,4-5-2021,1039,5,renderCrossedSquares
1147,4-5-2021,1039,5,canBeSteered
1148,4-5-2021,1039,5,matches
1149,4-5-2021,1039,5,addRecipesDye
1150,4-5-2021,1039,5,initCraftableStats
1151,4-5-2021,1039,5,getEntityToAttack
1152,4-5-2021,1039,5,addRecipesIngot
1153,4-5-2021,1039,5,fall
1154,4-5-2021,1039,5,displayGUIWorkbench
1155,4-5-2021,1039,5,updateLeashedState
1156,4-5-2021,1039,5,addRecipesWeapon
1157,4-5-2021,1039,5,displayGUIWorkbench
1158,4-5-2021,1039,5,applyArmorCalculations
1159,4-5-2021,1039,5,miningPlayerEntId
1160,4-5-2021,1039,5,isInLove
1161,4-5-2021,1039,5,setInventorySlotContents
1162,4-5-2021,1039,5,initCraftableStats
1163,4-5-2021,1039,5,addRecipesDyefood
1164,4-5-2021,1039,5,matches
1165,4-5-2021,1039,5,applyArmorCalculations
1166,4-5-2021,1039,5,dropFewItems
1167,4-5-2021,1039,5,getCraftingResult
1168,4-5-2021,1039,5,dropFewItems
1169,4-5-2021,1039,5,displayGUIWorkbench
1170,4-5-2021,1039,5,addRecipesWeapon
1171,4-5-2021,1039,5,updateLeashedState
1172,4-5-2021,1039,5,updateLeashedState
1173,4-5-2021,1039,5,onKillEntity
1174,4-5-2021,1039,5,initCraftableStats
1175,4-5-2021,1039,5,procreate
1176,4-5-2021,1039,5,initCraftableStats
1177,4-5-2021,1039,5,getCraftingResult
1178,4-5-2021,1039,5,findPlayerToAttack
1179,4-5-2021,1039,5,findPlayerToAttack
1180,4-5-2021,1039,5,addRecipesTool
1181,4-5-2021,1039,5,aquaAffinity
1182,4-5-2021,1039,5,getCraftingResult
1183,4-5-2021,1039,5,applyArmorCalculations
1184,4-5-2021,1039,5,findPlayerToAttack
1185,4-5-2021,1039,5,initCraftableStats
1186,4-5-2021,1039,5,getEntityToAttack
1187,4-5-2021,1039,5,setInventorySlotContents
1188,4-5-2021,1039,5,renderCrossedSquares
1189,4-5-2021,1039,5,addRecipesDyefood
1190,4-5-2021,1039,5,doesContainerItemLeaveCraftingGrid
1191,4-5-2021,1039,5,fall
1192,4-5-2021,1039,5,updateLeashedState
1193,4-5-2021,1039,5,addRecipesDye
1194,4-5-2021,1039,5,applyArmorCalculations
1195,4-5-2021,1039,5,addRecipesDyefood
1196,4-5-2021,1039,5,displayGUIWorkbench
1197,4-5-2021,1039,5,findPlayerToAttack
1198,4-5-2021,1039,5,displayGUIWorkbench
1199,4-5-2021,1039,5,addRecipesTool
1200,5-5-2021,1039,5,canPickUpLoot
1201,5-5-2021,1039,5,attemptDamageItem
1202,5-5-2021,1039,5,initCraftableStats
1203,5-5-2021,1039,5,addRecipesDyefood
1204,5-5-2021,1039,5,addRecipesCrafting
1205,5-5-2021,1039,5,findPlayerToAttack
1206,5-5-2021,1039,5,addRecipesTool
1207,5-5-2021,1039,5,fall
1208,5-5-2021,1039,5,canBeSteered
1209,5-5-2021,1039,5,addRecipesDyefood
1210,5-5-2021,1039,5,addRecipesDye
1211,5-5-2021,1039,5,updateLeashedState
1212,5-5-2021,1039,5,aquaAffinity
1213,5-5-2021,1039,5,initCraftableStats
1214,5-5-2021,1039,5,addRecipesDyefood
1215,5-5-2021,1039,5,addRecipesCrafting
1216,5-5-2021,1039,5,applyArmorCalculations
1217,5-5-2021,1039,5,renderCrossedSquares
1218,5-5-2021,1039,5,getCraftingResult
1219,5-5-2021,1039,5,addRecipesDyefood
1220,5-5-2021,1039,5,displayGUIWorkbench
1221,5-5-2021,1039,5,findPlayerToAttack
1222,5-5-2021,1039,5,addRecipesDyefood
1223,5-5-2021,1039,5,doesContainerItemLeaveCraftingGrid
1224,5-5-2021,1039,5,getCraftingResult
1225,5-5-2021,1039,5,canBeSteered
1226,5-5-2021,1039,5,matches
1227,5-5-2021,1039,5,addRecipesIngot
1228,5-5-2021,1039,5,canMineBlock
1229,5-5-2021,1039,5,addRecipesTool
1230,5-5-2021,1039,5,fall
1231,5-5-2021,1039,5,doesContainerItemLeaveCraftingGrid
1232,5-5-2021,1039,5,initCraftableStats
1233,5-5-2021,1039,5,fall
1234,5-5-2021,1039,5,aquaAffinity
1235,5-5-2021,1039,5,canBeSteered
1236,5-5-2021,1039,5,isInLove
1237,5-5-2021,1039,5,addRecipesIngot
1238,5-5-2021,1039,5,getEntityToAttack
1239,5-5-2021,1039,5,canPickUpLoot
1240,5-5-2021,1039,5,isInLove
1241,5-5-2021,1039,5,procreate
1242,5-5-2021,1039,5,dropFewItems
1243,5-5-2021,1039,5,canPickUpLoot
1244,5-5-2021,1039,5,initCraftableStats
1245,5-5-2021,1039,5,aquaAffinity
1246,5-5-2021,1039,5,fall
1247,5-5-2021,1039,5,doesContainerItemLeaveCraftingGrid
1248,5-5-2021,1039,5,procreate
1249,5-5-2021,1039,5,procreate
1250,5-5-2021,1039,5,applyArmorCalculations
1251,5-5-2021,1039,5,applyArmorCalculations
1252,5-5-2021,1039,5,getCraftingResult
1253,5-5-2021,1039,5,onCrafting
1254,5-5-2021,1039,5,applyArmorCalculations
1255,5-5-2021,1039,5,getEntityToAttack
1256,5-5-2021,1039,5,canMineBlock
1257,5-5-2021,1039,5,matches
1258,5-5-2021,1039,5,addRecipesWeapon
1259,5-5-2021,1039,5,fall
1260,5-5-2021,1039,5,getEntityToAttack
1261,5-5-2021,1039,5,onKillEntity
1262,5-5-2021,1039,5,matches
1263,5-5-2021,1039,5,setInventorySlotContents
1264,5-5-2021,1039,5,displayGUIWorkbench
1265,5-5-2021,1039,5,addRecipesCrafting
1266,5-5-2021,1039,5,renderCrossedSquares
1267,5-5-2021,1039,5,canPickUpLoot
1268,5-5-2021,1039,5,applyArmorCalculations
1269,5-5-2021,1039,5,miningPlayerEntId
1270,5-5-2021,1039,5,getEntityToAttack
1271,5-5-2021,1039,5,canMineBlock
1272,5-5-2021,1039,5,fall
1273,5-5-2021,1039,5,addRecipesIngot
1274,5-5-2021,1039,5,addRecipesCrafting
1275,5-5-2021,1039,5,renderCrossedSquares
1276,5-5-2021,1039,5,procreate
1277,5-5-2021,1039,5,attemptDamageItem
1278,5-5-2021,1039,5,addRecipesIngot
1279,5-5-2021,1039,5,matches
1280,5-5-2021,1039,5,updateLeashedState
1281,5-5-2021,1039,5,addRecipesIngot
1282,5-5-2021,1039,5,canMineBlock
1283,5-5-2021,1039,5,doesContainerItemLeaveCraftingGrid
1284,5-5-2021,1039,5,applyArmorCalculations
1285,5-5-2021,1039,5,addRecipesIngot
1286,5-5-2021,1039,5,addRecipesIngot
1287,5-5-2021,1039,5,getEntityToAttack
1288,5-5-2021,1039,5,displayGUIWorkbench
1289,5-5-2021,1039,5,aquaAffinity
1290,5-5-2021,1039,5,addRecipesTool
1291,5-5-2021,1039,5,canBeSteered
1292,5-5-2021,1039,5,initCraftableStats
1293,5-5-2021,1039,5,fall
1294,5-5-2021,1039,5,fall
1295,5-5-2021,1039,5,canMineBlock
1296,5-5-2021,1039,5,addRecipesWeapon
1297,5-5-2021,1039,5,attemptDamageItem
1298,5-5-2021,1039,5,procreate
1299,5-5-2021,1039,5,matches
1300,5-5-2021,1039,5,isBreedingItem
1301,5-5-2021,1039,5,getEntityToAttack
1302,5-5-2021,1039,5,renderCrossedSquares
1303,5-5-2021,1039,5,procreate
1304,5-5-2021,1039,5,canMineBlock
1305,5-5-2021,1039,5,attemptDamageItem
1306,5-5-2021,1039,5,doesContainerItemLeaveCraftingGrid
1307,5-5-2021,1039,5,addRecipesTool
1308,5-5-2021,1039,5,getCraftingResult
1309,5-5-2021,1039,5,addRecipesDyefood
1310,5-5-2021,1039,5,addRecipesDye
1311,5-5-2021,1039,5,canMineBlock
1312,5-5-2021,1039,5,addRecipesWeapon
1313,5-5-2021,1039,5,attemptDamageItem
1314,5-5-2021,1039,5,matches
1315,5-5-2021,1039,5,addRecipesDyefood
1316,5-5-2021,1039,5,displayGUIWorkbench
1317,5-5-2021,1039,5,dropFewItems
1318,5-5-2021,1039,5,onKillEntity
1319,5-5-2021,1039,5,displayGUIWorkbench
1320,5-5-2021,1039,5,addRecipesIngot
1321,5-5-2021,1039,5,getCraftingResult
1322,5-5-2021,1039,5,procreate
1323,5-5-2021,1039,5,addRecipesDyefood
1324,5-5-2021,1039,5,miningPlayerEntId
1325,5-5-2021,1039,5,applyArmorCalculations
1326,5-5-2021,1039,5,getCraftingResult
1327,5-5-2021,1039,5,isInLove
1328,5-5-2021,1039,5,miningPlayerEntId
1329,5-5-2021,1039,5,canBeSteered
1330,5-5-2021,1039,5,initCraftableStats
1331,5-5-2021,1039,5,fall
1332,5-5-2021,1039,5,displayGUIWorkbench
1333,5-5-2021,1039,5,dropFewItems
1334,5-5-2021,1039,5,matches
1335,5-5-2021,1039,5,dropFewItems
1336,5-5-2021,1039,5,setInventorySlotContents
1337,5-5-2021,1039,5,onCrafting
1338,5-5-2021,1039,5,isInLove
1339,5-5-2021,1039,5,renderCrossedSquares
1340,5-5-2021,1039,5,renderCrossedSquares
1341,5-5-2021,1039,5,miningPlayerEntId
1342,5-5-2021,1039,5,applyArmorCalculations
1343,5-5-2021,1039,5,attemptDamageItem
1344,5-5-2021,1039,5,matches
1345,5-5-2021,1039,5,getCraftingResult
1346,5-5-2021,1039,5,applyArmorCalculations
1347,5-5-2021,1039,5,addRecipesTool
1348,5-5-2021,1039,5,getCraftingResult
1349,5-5-2021,1039,5,procreate
1350,5-5-2021,1039,5,addRecipesTool
1351,5-5-2021,1039,5,renderCrossedSquares
1352,5-5-2021,1039,5,attemptDamageItem
1353,5-5-2021,1039,5,fall
1354,5-5-2021,1039,5,displayGUIWorkbench
1355,5-5-2021,1039,5,canPickUpLoot
1356,5-5-2021,1039,5,addRecipesCrafting
1357,5-5-2021,1039,5,addRecipesIngot
1358,5-5-2021,1039,5,onCrafting
1359,5-5-2021,1039,5,onKillEntity
1360,5-5-2021,1039,5,findPlayerToAttack
1361,5-5-2021,1039,5,onKillEntity
1362,5-5-2021,1039,5,addRecipesCrafting
1363,5-5-2021,1039,5,aquaAffinity
1364,5-5-2021,1039,5,displayGUIWorkbench
1365,5-5-2021,1039,5,onKillEntity
1366,5-5-2021,1039,5,canPickUpLoot
1367,5-5-2021,1039,5,getCraftingResult
1368,5-5-2021,1039,5,initCraftableStats
1369,5-5-2021,1039,5,canMineBlock
1370,5-5-2021,1039,5,isInLove
1371,5-5-2021,1039,5,getEntityToAttack
1372,5-5-2021,1039,5,findPlayerToAttack
1373,5-5-2021,1039,5,addRecipesCrafting
1374,5-5-2021,1039,5,matches
1375,5-5-2021,1039,5,isInLove
1376,5-5-2021,1039,5,miningPlayerEntId
1377,5-5-2021,1039,5,addRecipesDye
1378,5-5-2021,1039,5,fall
1379,5-5-2021,1039,5,canBeSteered
1380,5-5-2021,1039,5,attemptDamageItem
1381,5-5-2021,1039,5,canBeSteered
1382,5-5-2021,1039,5,updateLeashedState
1383,5-5-2021,1039,5,addRecipesCrafting
1384,5-5-2021,1039,5,dropFewItems
1385,5-5-2021,1039,5,doesContainerItemLeaveCraftingGrid
1386,5-5-2021,1039,5,renderCrossedSquares
1387,5-5-2021,1039,5,fall
1388,5-5-2021,1039,5,onCrafting
1389,5-5-2021,1039,5,addRecipesTool
1390,5-5-2021,1039,5,addRecipesDye
1391,5-5-2021,1039,5,isBreedingItem
1392,5-5-2021,1039,5,getEntityToAttack
1393,5-5-2021,1039,5,displayGUIWorkbench
1394,5-5-2021,1039,5,canPickUpLoot
1395,5-5-2021,1039,5,procreate
1396,5-5-2021,1039,5,addRecipesTool
1397,5-5-2021,1039,5,addRecipesWeapon
1398,5-5-2021,1039,5,attemptDamageItem
1399,5-5-2021,1039,5,onCrafting
1400,5-5-2021,1039,5,aquaAffinity
1401,5-5-2021,1039,5,onCrafting
1402,5-5-2021,1039,5,fall
1403,5-5-2021,1039,5,canBeSteered
1404,5-5-2021,1039,5,attemptDamageItem
1405,5-5-2021,1039,5,fall
1406,5-5-2021,1039,5,fall
1407,5-5-2021,1039,5,addRecipesTool
1408,5-5-2021,1039,5,canMineBlock
1409,5-5-2021,1039,5,miningPlayerEntId
1410,5-5-2021,1039,5,doesContainerItemLeaveCraftingGrid
1411,5-5-2021,1039,5,miningPlayerEntId
1412,5-5-2021,1039,5,fall
1413,5-5-2021,1039,5,addRecipesDyefood
1414,5-5-2021,1039,5,initCraftableStats
1415,5-5-2021,1039,5,matches
1416,5-5-2021,1039,5,addRecipesDyefood
1417,5-5-2021,1039,5,addRecipesIngot
1418,5-5-2021,1039,5,findPlayerToAttack
1419,5-5-2021,1039,5,onKillEntity
1420,5-5-2021,1039,5,procreate
1421,5-5-2021,1039,5,fall
1422,5-5-2021,1039,5,updateLeashedState
1423,5-5-2021,1039,5,findPlayerToAttack
1424,5-5-2021,1039,5,getCraftingResult
1425,5-5-2021,1039,5,isBreedingItem
1426,5-5-2021,1039,5,findPlayerToAttack
1427,5-5-2021,1039,5,renderCrossedSquares
1428,5-5-2021,1039,5,canBeSteered
1429,5-5-2021,1039,5,updateLeashedState
1430,5-5-2021,1039,5,findPlayerToAttack
1431,5-5-2021,1039,5,fall
1432,5-5-2021,1039,5,renderCrossedSquares
1433,5-5-2021,1039,5,getCraftingResult
1434,5-5-2021,1039,5,setInventorySlotContents
1435,5-5-2021,1039,5,fall
1436,5-5-2021,1039,5,addRecipesIngot
1437,5-5-2021,1039,5,addRecipesTool
1438,5-5-2021,1039,5,doesContainerItemLeaveCraftingGrid
1439,5-5-2021,1039,5,renderCrossedSquares
1440,5-5-2021,1039,5,getEntityToAttack
1441,5-5-2021,1039,5,findPlayerToAttack
1442,5-5-2021,1039,5,applyArmorCalculations
1443,5-5-2021,1039,5,canPickUpLoot
1444,5-5-2021,1039,5,initCraftableStats
1445,5-5-2021,1039,5,findPlayerToAttack
1446,5-5-2021,1039,5,addRecipesCrafting
1447,5-5-2021,1039,5,addRecipesCrafting
1448,5-5-2021,1039,5,getCraftingResult
1449,5-5-2021,1039,5,fall
1450,5-5-2021,1039,5,initCraftableStats
1451,5-5-2021,1039,5,addRecipesCrafting
1452,5-5-2021,1039,5,matches
1453,5-5-2021,1039,5,getCraftingResult
1454,5-5-2021,1039,5,getEntityToAttack
1455,5-5-2021,1039,5,displayGUIWorkbench
1456,5-5-2021,1039,5,addRecipesCrafting
1457,5-5-2021,1039,5,procreate
1458,5-5-2021,1039,5,onKillEntity
1459,5-5-2021,1039,5,onCrafting
1460,5-5-2021,1039,5,fall
1461,5-5-2021,1039,5,onCrafting
1462,5-5-2021,1039,5,doesContainerItemLeaveCraftingGrid
1463,5-5-2021,1039,5,miningPlayerEntId
1464,5-5-2021,1039,5,canPickUpLoot
1465,5-5-2021,1039,5,dropFewItems
1466,5-5-2021,1039,5,displayGUIWorkbench
1467,5-5-2021,1039,5,canPickUpLoot
1468,5-5-2021,1039,5,addRecipesWeapon
1469,5-5-2021,1039,5,fall
1470,5-5-2021,1039,5,onKillEntity
1471,5-5-2021,1039,5,getEntityToAttack
1472,5-5-2021,1039,5,addRecipesIngot
1473,5-5-2021,1039,5,canMineBlock
1474,5-5-2021,1039,5,isInLove
1475,5-5-2021,1039,5,findPlayerToAttack
1476,5-5-2021,1039,5,addRecipesIngot
1477,5-5-2021,1039,5,onKillEntity
1478,5-5-2021,1039,5,miningPlayerEntId
1479,5-5-2021,1039,5,getEntityToAttack
1480,5-5-2021,1039,5,setInventorySlotContents
1481,5-5-2021,1039,5,onKillEntity
1482,5-5-2021,1039,5,addRecipesTool
1483,5-5-2021,1039,5,onKillEntity
1484,5-5-2021,1039,5,getEntityToAttack
1485,5-5-2021,1039,5,addRecipesTool
1486,5-5-2021,1039,5,addRecipesDye
1487,5-5-2021,1039,5,onCrafting
1488,5-5-2021,1039,5,isInLove
1489,5-5-2021,1039,5,isInLove
1490,5-5-2021,1039,5,addRecipesCrafting
1491,5-5-2021,1039,5,fall
1492,5-5-2021,1039,5,attemptDamageItem
1493,5-5-2021,1039,5,canBeSteered
1494,5-5-2021,1039,5,addRecipesDye
1495,5-5-2021,1039,5,onKillEntity
1496,5-5-2021,1039,5,applyArmorCalculations
1497,5-5-2021,1039,5,fall
1498,5-5-2021,1039,5,fall
1499,5-5-2021,1039,5,getEntityToAttack
