,Date,User,XP,Event
0,1-5-2021,2071,5,aquaAffinity
1,1-5-2021,2071,5,doesContainerItemLeaveCraftingGrid
2,1-5-2021,2071,5,addRecipesDye
3,1-5-2021,2071,5,canMineBlock
4,1-5-2021,2071,5,canMineBlock
5,1-5-2021,2071,5,renderCrossedSquares
6,1-5-2021,2071,5,addRecipesDye
7,1-5-2021,2071,5,addRecipesDyefood
8,1-5-2021,2071,5,addRecipesWeapon
9,1-5-2021,2071,5,addRecipesTool
10,1-5-2021,2071,5,addRecipesCrafting
11,1-5-2021,2071,5,addRecipesIngot
12,1-5-2021,2071,5,addRecipesIngot
13,1-5-2021,2071,5,matches
14,1-5-2021,2071,5,setInventorySlotContents
15,1-5-2021,2071,5,displayGUIWorkbench
16,1-5-2021,2071,5,onCrafting
17,1-5-2021,2071,5,initCraftableStats
18,1-5-2021,2071,5,getCraftingResult
19,1-5-2021,2071,5,doesContainerItemLeaveCraftingGrid
20,1-5-2021,2071,5,addRecipesDyefood
21,1-5-2021,2071,5,addRecipesWeapon
22,1-5-2021,2071,5,addRecipesTool
23,1-5-2021,2071,5,canMineBlock
24,1-5-2021,2071,5,renderCrossedSquares
25,1-5-2021,2071,5,addRecipesDye
26,1-5-2021,2071,5,addRecipesDyefood
27,1-5-2021,2071,5,addRecipesWeapon
28,1-5-2021,2071,5,addRecipesTool
29,1-5-2021,2071,5,addRecipesCrafting
30,1-5-2021,2071,5,addRecipesIngot
31,1-5-2021,2071,5,addRecipesIngot
32,1-5-2021,2071,5,matches
33,1-5-2021,2071,5,setInventorySlotContents
34,1-5-2021,2071,5,displayGUIWorkbench
35,1-5-2021,2071,5,canMineBlock
36,1-5-2021,2071,5,renderCrossedSquares
37,1-5-2021,2071,5,addRecipesDye
38,1-5-2021,2071,5,addRecipesDyefood
39,1-5-2021,2071,5,addRecipesWeapon
40,1-5-2021,2071,5,addRecipesTool
41,1-5-2021,2071,5,addRecipesCrafting
42,1-5-2021,2071,5,addRecipesIngot
43,1-5-2021,2071,5,addRecipesIngot
44,1-5-2021,2071,5,matches
45,1-5-2021,2071,5,setInventorySlotContents
46,1-5-2021,2071,5,displayGUIWorkbench
47,1-5-2021,2071,5,onCrafting
48,1-5-2021,2071,5,initCraftableStats
49,1-5-2021,2071,5,getCraftingResult
50,1-5-2021,2071,5,canMineBlock
51,1-5-2021,2071,5,renderCrossedSquares
52,1-5-2021,2071,5,addRecipesDye
53,1-5-2021,2071,5,addRecipesDyefood
54,1-5-2021,2071,5,addRecipesWeapon
55,1-5-2021,2071,5,addRecipesTool
56,1-5-2021,2071,5,addRecipesCrafting
57,1-5-2021,2071,5,addRecipesIngot
58,1-5-2021,2071,5,addRecipesIngot
59,1-5-2021,2071,5,matches
60,1-5-2021,2071,5,setInventorySlotContents
61,1-5-2021,2071,5,displayGUIWorkbench
62,1-5-2021,2071,5,onCrafting
63,1-5-2021,2071,5,initCraftableStats
64,1-5-2021,2071,5,getCraftingResult
65,1-5-2021,2071,5,doesContainerItemLeaveCraftingGrid
66,1-5-2021,2071,5,matches
67,1-5-2021,2071,5,setInventorySlotContents
68,1-5-2021,2071,5,displayGUIWorkbench
69,1-5-2021,2071,5,onCrafting
70,1-5-2021,2071,5,initCraftableStats
71,1-5-2021,2071,5,getCraftingResult
72,1-5-2021,2071,5,doesContainerItemLeaveCraftingGrid
73,1-5-2021,2071,5,renderCrossedSquares
74,1-5-2021,2071,5,fall
75,1-5-2021,2071,5,onCrafting
76,1-5-2021,2071,5,canMineBlock
77,1-5-2021,2071,5,renderCrossedSquares
78,1-5-2021,2071,5,addRecipesDye
79,1-5-2021,2071,5,addRecipesDyefood
80,1-5-2021,2071,5,addRecipesWeapon
81,1-5-2021,2071,5,addRecipesTool
82,1-5-2021,2071,5,addRecipesCrafting
83,1-5-2021,2071,5,addRecipesIngot
84,1-5-2021,2071,5,addRecipesIngot
85,1-5-2021,2071,5,matches
86,1-5-2021,2071,5,setInventorySlotContents
87,1-5-2021,2071,5,displayGUIWorkbench
88,1-5-2021,2071,5,onCrafting
89,1-5-2021,2071,5,initCraftableStats
90,1-5-2021,2071,5,getCraftingResult
91,1-5-2021,2071,5,doesContainerItemLeaveCraftingGrid
92,1-5-2021,2071,5,setInventorySlotContents
93,1-5-2021,2071,5,displayGUIWorkbench
94,1-5-2021,2071,5,onCrafting
95,1-5-2021,2071,5,initCraftableStats
96,1-5-2021,2071,5,getCraftingResult
97,1-5-2021,2071,5,doesContainerItemLeaveCraftingGrid
98,1-5-2021,2071,5,canMineBlock
99,1-5-2021,2071,5,isBreedingItem
100,1-5-2021,2071,5,addRecipesWeapon
101,1-5-2021,2071,5,addRecipesDyefood
102,1-5-2021,2071,5,setInventorySlotContents
103,1-5-2021,2071,5,addRecipesTool
104,1-5-2021,2071,5,renderCrossedSquares
105,1-5-2021,2071,5,setInventorySlotContents
106,1-5-2021,2071,5,updateLeashedState
107,1-5-2021,2071,5,procreate
108,1-5-2021,2071,5,dropFewItems
109,1-5-2021,2071,5,applyArmorCalculations
110,1-5-2021,2071,5,initCraftableStats
111,1-5-2021,2071,5,miningPlayerEntId
112,1-5-2021,2071,5,addRecipesTool
113,1-5-2021,2071,5,canMineBlock
114,1-5-2021,2071,5,renderCrossedSquares
115,1-5-2021,2071,5,addRecipesDye
116,1-5-2021,2071,5,addRecipesDyefood
117,1-5-2021,2071,5,addRecipesWeapon
118,1-5-2021,2071,5,canMineBlock
119,1-5-2021,2071,5,renderCrossedSquares
120,1-5-2021,2071,5,addRecipesDye
121,1-5-2021,2071,5,addRecipesDyefood
122,1-5-2021,2071,5,addRecipesWeapon
123,1-5-2021,2071,5,addRecipesTool
124,1-5-2021,2071,5,addRecipesCrafting
125,1-5-2021,2071,5,addRecipesIngot
126,1-5-2021,2071,5,addRecipesIngot
127,1-5-2021,2071,5,matches
128,1-5-2021,2071,5,setInventorySlotContents
129,1-5-2021,2071,5,displayGUIWorkbench
130,1-5-2021,2071,5,onCrafting
131,1-5-2021,2071,5,initCraftableStats
132,1-5-2021,2071,5,getCraftingResult
133,1-5-2021,2071,5,doesContainerItemLeaveCraftingGrid
134,1-5-2021,2071,5,getCraftingResult
135,1-5-2021,2071,5,doesContainerItemLeaveCraftingGrid
136,1-5-2021,2071,5,addRecipesIngot
137,1-5-2021,2071,5,matches
138,1-5-2021,2071,5,setInventorySlotContents
139,1-5-2021,2071,5,displayGUIWorkbench
140,1-5-2021,2071,5,onCrafting
141,1-5-2021,2071,5,initCraftableStats
142,1-5-2021,2071,5,getCraftingResult
143,1-5-2021,2071,5,doesContainerItemLeaveCraftingGrid
144,1-5-2021,2071,5,doesContainerItemLeaveCraftingGrid
145,1-5-2021,2071,5,getCraftingResult
146,1-5-2021,2071,5,fall
147,1-5-2021,2071,5,attemptDamageItem
148,1-5-2021,2071,5,aquaAffinity
149,1-5-2021,2071,5,procreate
150,1-5-2021,2071,5,renderCrossedSquares
151,1-5-2021,2071,5,miningPlayerEntId
152,1-5-2021,2071,5,renderCrossedSquares
153,1-5-2021,2071,5,canMineBlock
154,1-5-2021,2071,5,renderCrossedSquares
155,1-5-2021,2071,5,addRecipesDye
156,1-5-2021,2071,5,addRecipesDyefood
157,1-5-2021,2071,5,addRecipesWeapon
158,1-5-2021,2071,5,addRecipesTool
159,1-5-2021,2071,5,addRecipesCrafting
160,1-5-2021,2071,5,addRecipesIngot
161,1-5-2021,2071,5,addRecipesIngot
162,1-5-2021,2071,5,matches
163,1-5-2021,2071,5,setInventorySlotContents
164,1-5-2021,2071,5,displayGUIWorkbench
165,1-5-2021,2071,5,onCrafting
166,1-5-2021,2071,5,initCraftableStats
167,1-5-2021,2071,5,getCraftingResult
168,1-5-2021,2071,5,doesContainerItemLeaveCraftingGrid
169,1-5-2021,2071,5,renderCrossedSquares
170,1-5-2021,2071,5,addRecipesDye
171,1-5-2021,2071,5,canMineBlock
172,1-5-2021,2071,5,canMineBlock
173,1-5-2021,2071,5,renderCrossedSquares
174,1-5-2021,2071,5,addRecipesDye
175,1-5-2021,2071,5,addRecipesDyefood
176,1-5-2021,2071,5,addRecipesWeapon
177,1-5-2021,2071,5,addRecipesTool
178,1-5-2021,2071,5,canMineBlock
179,1-5-2021,2071,5,renderCrossedSquares
180,1-5-2021,2071,5,addRecipesDye
181,1-5-2021,2071,5,addRecipesDyefood
182,1-5-2021,2071,5,addRecipesWeapon
183,1-5-2021,2071,5,addRecipesTool
184,1-5-2021,2071,5,addRecipesCrafting
185,1-5-2021,2071,5,addRecipesIngot
186,1-5-2021,2071,5,addRecipesIngot
187,1-5-2021,2071,5,matches
188,1-5-2021,2071,5,setInventorySlotContents
189,1-5-2021,2071,5,displayGUIWorkbench
190,1-5-2021,2071,5,onCrafting
191,1-5-2021,2071,5,initCraftableStats
192,1-5-2021,2071,5,getCraftingResult
193,1-5-2021,2071,5,doesContainerItemLeaveCraftingGrid
194,1-5-2021,2071,5,addRecipesIngot
195,1-5-2021,2071,5,matches
196,1-5-2021,2071,5,setInventorySlotContents
197,1-5-2021,2071,5,displayGUIWorkbench
198,1-5-2021,2071,5,onCrafting
199,1-5-2021,2071,5,initCraftableStats
200,1-5-2021,2071,5,getCraftingResult
201,1-5-2021,2071,5,doesContainerItemLeaveCraftingGrid
202,1-5-2021,2071,5,renderCrossedSquares
203,1-5-2021,2071,5,addRecipesDye
204,1-5-2021,2071,5,addRecipesDyefood
205,1-5-2021,2071,5,addRecipesWeapon
206,1-5-2021,2071,5,canMineBlock
207,1-5-2021,2071,5,renderCrossedSquares
208,1-5-2021,2071,5,addRecipesDye
209,1-5-2021,2071,5,addRecipesDyefood
210,1-5-2021,2071,5,addRecipesWeapon
211,1-5-2021,2071,5,addRecipesTool
212,1-5-2021,2071,5,addRecipesCrafting
213,1-5-2021,2071,5,addRecipesIngot
214,1-5-2021,2071,5,addRecipesIngot
215,1-5-2021,2071,5,matches
216,1-5-2021,2071,5,setInventorySlotContents
217,1-5-2021,2071,5,displayGUIWorkbench
218,1-5-2021,2071,5,onCrafting
219,1-5-2021,2071,5,initCraftableStats
220,1-5-2021,2071,5,getCraftingResult
221,1-5-2021,2071,5,doesContainerItemLeaveCraftingGrid
222,1-5-2021,2071,5,addRecipesDye
223,1-5-2021,2071,5,addRecipesDyefood
224,1-5-2021,2071,5,addRecipesWeapon
225,1-5-2021,2071,5,addRecipesTool
226,1-5-2021,2071,5,addRecipesCrafting
227,1-5-2021,2071,5,addRecipesIngot
228,1-5-2021,2071,5,addRecipesIngot
229,1-5-2021,2071,5,matches
230,1-5-2021,2071,5,setInventorySlotContents
231,1-5-2021,2071,5,displayGUIWorkbench
232,1-5-2021,2071,5,onCrafting
233,1-5-2021,2071,5,canMineBlock
234,1-5-2021,2071,5,renderCrossedSquares
235,1-5-2021,2071,5,addRecipesDye
236,1-5-2021,2071,5,addRecipesDyefood
237,1-5-2021,2071,5,addRecipesWeapon
238,1-5-2021,2071,5,addRecipesTool
239,1-5-2021,2071,5,addRecipesCrafting
240,1-5-2021,2071,5,addRecipesIngot
241,1-5-2021,2071,5,addRecipesIngot
242,1-5-2021,2071,5,matches
243,1-5-2021,2071,5,setInventorySlotContents
244,1-5-2021,2071,5,displayGUIWorkbench
245,1-5-2021,2071,5,onCrafting
246,1-5-2021,2071,5,initCraftableStats
247,1-5-2021,2071,5,getCraftingResult
248,1-5-2021,2071,5,doesContainerItemLeaveCraftingGrid
249,1-5-2021,2071,5,addRecipesWeapon
250,1-5-2021,2071,5,addRecipesTool
251,1-5-2021,2071,5,addRecipesCrafting
252,1-5-2021,2071,5,addRecipesIngot
253,1-5-2021,2071,5,addRecipesIngot
254,1-5-2021,2071,5,matches
255,1-5-2021,2071,5,setInventorySlotContents
256,1-5-2021,2071,5,displayGUIWorkbench
257,1-5-2021,2071,5,onCrafting
258,1-5-2021,2071,5,initCraftableStats
259,1-5-2021,2071,5,getCraftingResult
260,1-5-2021,2071,5,doesContainerItemLeaveCraftingGrid
261,1-5-2021,2071,5,addRecipesIngot
262,1-5-2021,2071,5,matches
263,1-5-2021,2071,5,canMineBlock
264,1-5-2021,2071,5,renderCrossedSquares
265,1-5-2021,2071,5,addRecipesDye
266,1-5-2021,2071,5,addRecipesDyefood
267,1-5-2021,2071,5,addRecipesWeapon
268,1-5-2021,2071,5,addRecipesTool
269,1-5-2021,2071,5,addRecipesCrafting
270,1-5-2021,2071,5,addRecipesIngot
271,1-5-2021,2071,5,canMineBlock
272,1-5-2021,2071,5,renderCrossedSquares
273,1-5-2021,2071,5,addRecipesDye
274,1-5-2021,2071,5,addRecipesDyefood
275,1-5-2021,2071,5,addRecipesWeapon
276,1-5-2021,2071,5,addRecipesTool
277,1-5-2021,2071,5,addRecipesCrafting
278,1-5-2021,2071,5,addRecipesIngot
279,1-5-2021,2071,5,addRecipesIngot
280,1-5-2021,2071,5,matches
281,1-5-2021,2071,5,setInventorySlotContents
282,1-5-2021,2071,5,displayGUIWorkbench
283,1-5-2021,2071,5,onCrafting
284,1-5-2021,2071,5,initCraftableStats
285,1-5-2021,2071,5,getCraftingResult
286,1-5-2021,2071,5,doesContainerItemLeaveCraftingGrid
287,1-5-2021,2071,5,addRecipesIngot
288,1-5-2021,2071,5,addRecipesIngot
289,1-5-2021,2071,5,matches
290,1-5-2021,2071,5,setInventorySlotContents
291,1-5-2021,2071,5,displayGUIWorkbench
292,1-5-2021,2071,5,onCrafting
293,1-5-2021,2071,5,initCraftableStats
294,1-5-2021,2071,5,getCraftingResult
295,1-5-2021,2071,5,doesContainerItemLeaveCraftingGrid
296,1-5-2021,2071,5,canMineBlock
297,1-5-2021,2071,5,renderCrossedSquares
298,1-5-2021,2071,5,addRecipesDye
299,1-5-2021,2071,5,addRecipesDyefood
300,2-5-2021,2071,5,canMineBlock
301,2-5-2021,2071,5,renderCrossedSquares
302,2-5-2021,2071,5,addRecipesDye
303,2-5-2021,2071,5,addRecipesDyefood
304,2-5-2021,2071,5,addRecipesWeapon
305,2-5-2021,2071,5,addRecipesTool
306,2-5-2021,2071,5,addRecipesCrafting
307,2-5-2021,2071,5,addRecipesIngot
308,2-5-2021,2071,5,addRecipesIngot
309,2-5-2021,2071,5,matches
310,2-5-2021,2071,5,setInventorySlotContents
311,2-5-2021,2071,5,displayGUIWorkbench
312,2-5-2021,2071,5,onCrafting
313,2-5-2021,2071,5,initCraftableStats
314,2-5-2021,2071,5,getCraftingResult
315,2-5-2021,2071,5,doesContainerItemLeaveCraftingGrid
316,2-5-2021,2071,5,isInLove
317,2-5-2021,2071,5,canBeSteered
318,2-5-2021,2071,5,isBreedingItem
319,2-5-2021,2071,5,displayGUIWorkbench
320,2-5-2021,2071,5,addRecipesDye
321,2-5-2021,2071,5,fall
322,2-5-2021,2071,5,getEntityToAttack
323,2-5-2021,2071,5,canMineBlock
324,2-5-2021,2071,5,fall
325,2-5-2021,2071,5,addRecipesDyefood
326,2-5-2021,2071,5,miningPlayerEntId
327,2-5-2021,2071,5,addRecipesDye
328,2-5-2021,2071,5,findPlayerToAttack
329,2-5-2021,2071,5,updateLeashedState
330,2-5-2021,2071,5,addRecipesTool
331,2-5-2021,2071,5,applyArmorCalculations
332,2-5-2021,2071,5,initCraftableStats
333,2-5-2021,2071,5,displayGUIWorkbench
334,2-5-2021,2071,5,procreate
335,2-5-2021,2071,5,onCrafting
336,2-5-2021,2071,5,getCraftingResult
337,2-5-2021,2071,5,findPlayerToAttack
338,2-5-2021,2071,5,isInLove
339,2-5-2021,2071,5,canMineBlock
340,2-5-2021,2071,5,getCraftingResult
341,2-5-2021,2071,5,findPlayerToAttack
342,2-5-2021,2071,5,matches
343,2-5-2021,2071,5,canMineBlock
344,2-5-2021,2071,5,addRecipesCrafting
345,2-5-2021,2071,5,getEntityToAttack
346,2-5-2021,2071,5,addRecipesDye
347,2-5-2021,2071,5,findPlayerToAttack
348,2-5-2021,2071,5,attemptDamageItem
349,2-5-2021,2071,5,canPickUpLoot
350,2-5-2021,2071,5,addRecipesCrafting
351,2-5-2021,2071,5,doesContainerItemLeaveCraftingGrid
352,2-5-2021,2071,5,addRecipesDye
353,2-5-2021,2071,5,isBreedingItem
354,2-5-2021,2071,5,doesContainerItemLeaveCraftingGrid
355,2-5-2021,2071,5,miningPlayerEntId
356,2-5-2021,2071,5,initCraftableStats
357,2-5-2021,2071,5,renderCrossedSquares
358,2-5-2021,2071,5,addRecipesTool
359,2-5-2021,2071,5,addRecipesDye
360,2-5-2021,2071,5,getEntityToAttack
361,2-5-2021,2071,5,onKillEntity
362,2-5-2021,2071,5,renderCrossedSquares
363,2-5-2021,2071,5,displayGUIWorkbench
364,2-5-2021,2071,5,attemptDamageItem
365,2-5-2021,2071,5,renderCrossedSquares
366,2-5-2021,2071,5,isBreedingItem
367,2-5-2021,2071,5,fall
368,2-5-2021,2071,5,addRecipesCrafting
369,2-5-2021,2071,5,addRecipesWeapon
370,2-5-2021,2071,5,getCraftingResult
371,2-5-2021,2071,5,getEntityToAttack
372,2-5-2021,2071,5,canBeSteered
373,2-5-2021,2071,5,setInventorySlotContents
374,2-5-2021,2071,5,canBeSteered
375,2-5-2021,2071,5,displayGUIWorkbench
376,2-5-2021,2071,5,matches
377,2-5-2021,2071,5,canMineBlock
378,2-5-2021,2071,5,findPlayerToAttack
379,2-5-2021,2071,5,updateLeashedState
380,2-5-2021,2071,5,dropFewItems
381,2-5-2021,2071,5,isBreedingItem
382,2-5-2021,2071,5,setInventorySlotContents
383,2-5-2021,2071,5,procreate
384,2-5-2021,2071,5,fall
385,2-5-2021,2071,5,matches
386,2-5-2021,2071,5,updateLeashedState
387,2-5-2021,2071,5,addRecipesTool
388,2-5-2021,2071,5,canPickUpLoot
389,2-5-2021,2071,5,renderCrossedSquares
390,2-5-2021,2071,5,applyArmorCalculations
391,2-5-2021,2071,5,canBeSteered
392,2-5-2021,2071,5,addRecipesWeapon
393,2-5-2021,2071,5,onCrafting
394,2-5-2021,2071,5,miningPlayerEntId
395,2-5-2021,2071,5,procreate
396,2-5-2021,2071,5,addRecipesTool
397,2-5-2021,2071,5,findPlayerToAttack
398,2-5-2021,2071,5,renderCrossedSquares
399,2-5-2021,2071,5,isInLove
400,2-5-2021,2071,5,initCraftableStats
401,2-5-2021,2071,5,initCraftableStats
402,2-5-2021,2071,5,getEntityToAttack
403,2-5-2021,2071,5,canBeSteered
404,2-5-2021,2071,5,onKillEntity
405,2-5-2021,2071,5,updateLeashedState
406,2-5-2021,2071,5,procreate
407,2-5-2021,2071,5,addRecipesDyefood
408,2-5-2021,2071,5,renderCrossedSquares
409,2-5-2021,2071,5,canMineBlock
410,2-5-2021,2071,5,procreate
411,2-5-2021,2071,5,getEntityToAttack
412,2-5-2021,2071,5,aquaAffinity
413,2-5-2021,2071,5,addRecipesDyefood
414,2-5-2021,2071,5,initCraftableStats
415,2-5-2021,2071,5,doesContainerItemLeaveCraftingGrid
416,2-5-2021,2071,5,updateLeashedState
417,2-5-2021,2071,5,addRecipesWeapon
418,2-5-2021,2071,5,applyArmorCalculations
419,2-5-2021,2071,5,addRecipesDye
420,2-5-2021,2071,5,onCrafting
421,2-5-2021,2071,5,attemptDamageItem
422,2-5-2021,2071,5,addRecipesDyefood
423,2-5-2021,2071,5,displayGUIWorkbench
424,2-5-2021,2071,5,isBreedingItem
425,2-5-2021,2071,5,addRecipesTool
426,2-5-2021,2071,5,getEntityToAttack
427,2-5-2021,2071,5,dropFewItems
428,2-5-2021,2071,5,getCraftingResult
429,2-5-2021,2071,5,miningPlayerEntId
430,2-5-2021,2071,5,fall
431,2-5-2021,2071,5,fall
432,2-5-2021,2071,5,setInventorySlotContents
433,2-5-2021,2071,5,doesContainerItemLeaveCraftingGrid
434,2-5-2021,2071,5,dropFewItems
435,2-5-2021,2071,5,canPickUpLoot
436,2-5-2021,2071,5,setInventorySlotContents
437,2-5-2021,2071,5,miningPlayerEntId
438,2-5-2021,2071,5,getCraftingResult
439,2-5-2021,2071,5,displayGUIWorkbench
440,2-5-2021,2071,5,procreate
441,2-5-2021,2071,5,applyArmorCalculations
442,2-5-2021,2071,5,aquaAffinity
443,2-5-2021,2071,5,initCraftableStats
444,2-5-2021,2071,5,addRecipesDyefood
445,2-5-2021,2071,5,doesContainerItemLeaveCraftingGrid
446,2-5-2021,2071,5,fall
447,2-5-2021,2071,5,addRecipesCrafting
448,2-5-2021,2071,5,updateLeashedState
449,2-5-2021,2071,5,findPlayerToAttack
450,2-5-2021,2071,5,applyArmorCalculations
451,2-5-2021,2071,5,onKillEntity
452,2-5-2021,2071,5,addRecipesWeapon
453,2-5-2021,2071,5,doesContainerItemLeaveCraftingGrid
454,2-5-2021,2071,5,getCraftingResult
455,2-5-2021,2071,5,initCraftableStats
456,2-5-2021,2071,5,addRecipesWeapon
457,2-5-2021,2071,5,updateLeashedState
458,2-5-2021,2071,5,attemptDamageItem
459,2-5-2021,2071,5,getEntityToAttack
460,2-5-2021,2071,5,addRecipesWeapon
461,2-5-2021,2071,5,addRecipesIngot
462,2-5-2021,2071,5,fall
463,2-5-2021,2071,5,addRecipesDye
464,2-5-2021,2071,5,onCrafting
465,2-5-2021,2071,5,matches
466,2-5-2021,2071,5,updateLeashedState
467,2-5-2021,2071,5,initCraftableStats
468,2-5-2021,2071,5,dropFewItems
469,2-5-2021,2071,5,canMineBlock
470,2-5-2021,2071,5,doesContainerItemLeaveCraftingGrid
471,2-5-2021,2071,5,addRecipesTool
472,2-5-2021,2071,5,fall
473,2-5-2021,2071,5,setInventorySlotContents
474,2-5-2021,2071,5,fall
475,2-5-2021,2071,5,canMineBlock
476,2-5-2021,2071,5,isBreedingItem
477,2-5-2021,2071,5,isBreedingItem
478,2-5-2021,2071,5,aquaAffinity
479,2-5-2021,2071,5,getCraftingResult
480,2-5-2021,2071,5,fall
481,2-5-2021,2071,5,attemptDamageItem
482,2-5-2021,2071,5,setInventorySlotContents
483,2-5-2021,2071,5,fall
484,2-5-2021,2071,5,canMineBlock
485,2-5-2021,2071,5,addRecipesTool
486,2-5-2021,2071,5,addRecipesDyefood
487,2-5-2021,2071,5,initCraftableStats
488,2-5-2021,2071,5,updateLeashedState
489,2-5-2021,2071,5,addRecipesDye
490,2-5-2021,2071,5,miningPlayerEntId
491,2-5-2021,2071,5,displayGUIWorkbench
492,2-5-2021,2071,5,canBeSteered
493,2-5-2021,2071,5,attemptDamageItem
494,2-5-2021,2071,5,getCraftingResult
495,2-5-2021,2071,5,attemptDamageItem
496,2-5-2021,2071,5,aquaAffinity
497,2-5-2021,2071,5,isBreedingItem
498,2-5-2021,2071,5,isBreedingItem
499,2-5-2021,2071,5,addRecipesDye
500,2-5-2021,2071,5,addRecipesDyefood
501,2-5-2021,2071,5,renderCrossedSquares
502,2-5-2021,2071,5,fall
503,2-5-2021,2071,5,aquaAffinity
504,2-5-2021,2071,5,canPickUpLoot
505,2-5-2021,2071,5,fall
506,2-5-2021,2071,5,miningPlayerEntId
507,2-5-2021,2071,5,isBreedingItem
508,2-5-2021,2071,5,attemptDamageItem
509,2-5-2021,2071,5,matches
510,2-5-2021,2071,5,displayGUIWorkbench
511,2-5-2021,2071,5,matches
512,2-5-2021,2071,5,displayGUIWorkbench
513,2-5-2021,2071,5,getCraftingResult
514,2-5-2021,2071,5,matches
515,2-5-2021,2071,5,addRecipesDye
516,2-5-2021,2071,5,addRecipesWeapon
517,2-5-2021,2071,5,addRecipesWeapon
518,2-5-2021,2071,5,applyArmorCalculations
519,2-5-2021,2071,5,addRecipesTool
520,2-5-2021,2071,5,addRecipesTool
521,2-5-2021,2071,5,setInventorySlotContents
522,2-5-2021,2071,5,canMineBlock
523,2-5-2021,2071,5,getCraftingResult
524,2-5-2021,2071,5,isBreedingItem
525,2-5-2021,2071,5,getEntityToAttack
526,2-5-2021,2071,5,setInventorySlotContents
527,2-5-2021,2071,5,findPlayerToAttack
528,2-5-2021,2071,5,displayGUIWorkbench
529,2-5-2021,2071,5,canBeSteered
530,2-5-2021,2071,5,updateLeashedState
531,2-5-2021,2071,5,attemptDamageItem
532,2-5-2021,2071,5,addRecipesCrafting
533,2-5-2021,2071,5,addRecipesTool
534,2-5-2021,2071,5,procreate
535,2-5-2021,2071,5,getEntityToAttack
536,2-5-2021,2071,5,setInventorySlotContents
537,2-5-2021,2071,5,miningPlayerEntId
538,2-5-2021,2071,5,canPickUpLoot
539,2-5-2021,2071,5,setInventorySlotContents
540,2-5-2021,2071,5,matches
541,2-5-2021,2071,5,doesContainerItemLeaveCraftingGrid
542,2-5-2021,2071,5,addRecipesDyefood
543,2-5-2021,2071,5,setInventorySlotContents
544,2-5-2021,2071,5,fall
545,2-5-2021,2071,5,applyArmorCalculations
546,2-5-2021,2071,5,aquaAffinity
547,2-5-2021,2071,5,isInLove
548,2-5-2021,2071,5,addRecipesDye
549,2-5-2021,2071,5,updateLeashedState
550,2-5-2021,2071,5,initCraftableStats
551,2-5-2021,2071,5,addRecipesCrafting
552,2-5-2021,2071,5,addRecipesDye
553,2-5-2021,2071,5,canBeSteered
554,2-5-2021,2071,5,addRecipesCrafting
555,2-5-2021,2071,5,getEntityToAttack
556,2-5-2021,2071,5,fall
557,2-5-2021,2071,5,addRecipesDye
558,2-5-2021,2071,5,addRecipesIngot
559,2-5-2021,2071,5,isBreedingItem
560,2-5-2021,2071,5,dropFewItems
561,2-5-2021,2071,5,isBreedingItem
562,2-5-2021,2071,5,matches
563,2-5-2021,2071,5,doesContainerItemLeaveCraftingGrid
564,2-5-2021,2071,5,addRecipesIngot
565,2-5-2021,2071,5,getCraftingResult
566,2-5-2021,2071,5,attemptDamageItem
567,2-5-2021,2071,5,onCrafting
568,2-5-2021,2071,5,addRecipesTool
569,2-5-2021,2071,5,findPlayerToAttack
570,2-5-2021,2071,5,canBeSteered
571,2-5-2021,2071,5,onCrafting
572,2-5-2021,2071,5,renderCrossedSquares
573,2-5-2021,2071,5,getCraftingResult
574,2-5-2021,2071,5,addRecipesTool
575,2-5-2021,2071,5,addRecipesWeapon
576,2-5-2021,2071,5,doesContainerItemLeaveCraftingGrid
577,2-5-2021,2071,5,addRecipesWeapon
578,2-5-2021,2071,5,fall
579,2-5-2021,2071,5,onKillEntity
580,2-5-2021,2071,5,renderCrossedSquares
581,2-5-2021,2071,5,addRecipesCrafting
582,2-5-2021,2071,5,isInLove
583,2-5-2021,2071,5,addRecipesDyefood
584,2-5-2021,2071,5,doesContainerItemLeaveCraftingGrid
585,2-5-2021,2071,5,fall
586,2-5-2021,2071,5,canBeSteered
587,2-5-2021,2071,5,setInventorySlotContents
588,2-5-2021,2071,5,applyArmorCalculations
589,2-5-2021,2071,5,canBeSteered
590,2-5-2021,2071,5,addRecipesTool
591,2-5-2021,2071,5,canMineBlock
592,2-5-2021,2071,5,canPickUpLoot
593,2-5-2021,2071,5,aquaAffinity
594,2-5-2021,2071,5,applyArmorCalculations
595,2-5-2021,2071,5,procreate
596,2-5-2021,2071,5,initCraftableStats
597,2-5-2021,2071,5,aquaAffinity
598,2-5-2021,2071,5,getCraftingResult
599,2-5-2021,2071,5,attemptDamageItem
600,3-5-2021,2071,5,setInventorySlotContents
601,3-5-2021,2071,5,getCraftingResult
602,3-5-2021,2071,5,aquaAffinity
603,3-5-2021,2071,5,fall
604,3-5-2021,2071,5,matches
605,3-5-2021,2071,5,addRecipesIngot
606,3-5-2021,2071,5,addRecipesDye
607,3-5-2021,2071,5,getCraftingResult
608,3-5-2021,2071,5,onCrafting
609,3-5-2021,2071,5,attemptDamageItem
610,3-5-2021,2071,5,canBeSteered
611,3-5-2021,2071,5,applyArmorCalculations
612,3-5-2021,2071,5,fall
613,3-5-2021,2071,5,attemptDamageItem
614,3-5-2021,2071,5,updateLeashedState
615,3-5-2021,2071,5,canPickUpLoot
616,3-5-2021,2071,5,getCraftingResult
617,3-5-2021,2071,5,addRecipesDyefood
618,3-5-2021,2071,5,addRecipesIngot
619,3-5-2021,2071,5,renderCrossedSquares
620,3-5-2021,2071,5,addRecipesIngot
621,3-5-2021,2071,5,onKillEntity
622,3-5-2021,2071,5,dropFewItems
623,3-5-2021,2071,5,initCraftableStats
624,3-5-2021,2071,5,updateLeashedState
625,3-5-2021,2071,5,getCraftingResult
626,3-5-2021,2071,5,canMineBlock
627,3-5-2021,2071,5,addRecipesIngot
628,3-5-2021,2071,5,addRecipesDye
629,3-5-2021,2071,5,attemptDamageItem
630,3-5-2021,2071,5,fall
631,3-5-2021,2071,5,initCraftableStats
632,3-5-2021,2071,5,addRecipesTool
633,3-5-2021,2071,5,matches
634,3-5-2021,2071,5,onKillEntity
635,3-5-2021,2071,5,addRecipesWeapon
636,3-5-2021,2071,5,canMineBlock
637,3-5-2021,2071,5,findPlayerToAttack
638,3-5-2021,2071,5,getEntityToAttack
639,3-5-2021,2071,5,canMineBlock
640,3-5-2021,2071,5,isInLove
641,3-5-2021,2071,5,getCraftingResult
642,3-5-2021,2071,5,displayGUIWorkbench
643,3-5-2021,2071,5,matches
644,3-5-2021,2071,5,setInventorySlotContents
645,3-5-2021,2071,5,onCrafting
646,3-5-2021,2071,5,fall
647,3-5-2021,2071,5,fall
648,3-5-2021,2071,5,matches
649,3-5-2021,2071,5,addRecipesIngot
650,3-5-2021,2071,5,addRecipesCrafting
651,3-5-2021,2071,5,doesContainerItemLeaveCraftingGrid
652,3-5-2021,2071,5,displayGUIWorkbench
653,3-5-2021,2071,5,procreate
654,3-5-2021,2071,5,getEntityToAttack
655,3-5-2021,2071,5,miningPlayerEntId
656,3-5-2021,2071,5,onCrafting
657,3-5-2021,2071,5,initCraftableStats
658,3-5-2021,2071,5,canBeSteered
659,3-5-2021,2071,5,procreate
660,3-5-2021,2071,5,matches
661,3-5-2021,2071,5,attemptDamageItem
662,3-5-2021,2071,5,matches
663,3-5-2021,2071,5,getEntityToAttack
664,3-5-2021,2071,5,procreate
665,3-5-2021,2071,5,updateLeashedState
666,3-5-2021,2071,5,initCraftableStats
667,3-5-2021,2071,5,fall
668,3-5-2021,2071,5,procreate
669,3-5-2021,2071,5,onKillEntity
670,3-5-2021,2071,5,canBeSteered
671,3-5-2021,2071,5,isInLove
672,3-5-2021,2071,5,isBreedingItem
673,3-5-2021,2071,5,isBreedingItem
674,3-5-2021,2071,5,getEntityToAttack
675,3-5-2021,2071,5,procreate
676,3-5-2021,2071,5,addRecipesCrafting
677,3-5-2021,2071,5,addRecipesTool
678,3-5-2021,2071,5,dropFewItems
679,3-5-2021,2071,5,miningPlayerEntId
680,3-5-2021,2071,5,updateLeashedState
681,3-5-2021,2071,5,attemptDamageItem
682,3-5-2021,2071,5,isInLove
683,3-5-2021,2071,5,fall
684,3-5-2021,2071,5,fall
685,3-5-2021,2071,5,addRecipesCrafting
686,3-5-2021,2071,5,dropFewItems
687,3-5-2021,2071,5,addRecipesWeapon
688,3-5-2021,2071,5,onCrafting
689,3-5-2021,2071,5,addRecipesIngot
690,3-5-2021,2071,5,addRecipesTool
691,3-5-2021,2071,5,fall
692,3-5-2021,2071,5,matches
693,3-5-2021,2071,5,doesContainerItemLeaveCraftingGrid
694,3-5-2021,2071,5,fall
695,3-5-2021,2071,5,addRecipesTool
696,3-5-2021,2071,5,getCraftingResult
697,3-5-2021,2071,5,displayGUIWorkbench
698,3-5-2021,2071,5,isInLove
699,3-5-2021,2071,5,isInLove
700,3-5-2021,2071,5,renderCrossedSquares
701,3-5-2021,2071,5,renderCrossedSquares
702,3-5-2021,2071,5,addRecipesTool
703,3-5-2021,2071,5,isInLove
704,3-5-2021,2071,5,miningPlayerEntId
705,3-5-2021,2071,5,onCrafting
706,3-5-2021,2071,5,doesContainerItemLeaveCraftingGrid
707,3-5-2021,2071,5,addRecipesWeapon
708,3-5-2021,2071,5,aquaAffinity
709,3-5-2021,2071,5,getCraftingResult
710,3-5-2021,2071,5,addRecipesDyefood
711,3-5-2021,2071,5,matches
712,3-5-2021,2071,5,canPickUpLoot
713,3-5-2021,2071,5,initCraftableStats
714,3-5-2021,2071,5,canBeSteered
715,3-5-2021,2071,5,dropFewItems
716,3-5-2021,2071,5,addRecipesCrafting
717,3-5-2021,2071,5,findPlayerToAttack
718,3-5-2021,2071,5,initCraftableStats
719,3-5-2021,2071,5,getCraftingResult
720,3-5-2021,2071,5,applyArmorCalculations
721,3-5-2021,2071,5,canMineBlock
722,3-5-2021,2071,5,updateLeashedState
723,3-5-2021,2071,5,procreate
724,3-5-2021,2071,5,displayGUIWorkbench
725,3-5-2021,2071,5,initCraftableStats
726,3-5-2021,2071,5,onCrafting
727,3-5-2021,2071,5,canMineBlock
728,3-5-2021,2071,5,procreate
729,3-5-2021,2071,5,findPlayerToAttack
730,3-5-2021,2071,5,attemptDamageItem
731,3-5-2021,2071,5,canBeSteered
732,3-5-2021,2071,5,addRecipesDye
733,3-5-2021,2071,5,renderCrossedSquares
734,3-5-2021,2071,5,doesContainerItemLeaveCraftingGrid
735,3-5-2021,2071,5,aquaAffinity
736,3-5-2021,2071,5,fall
737,3-5-2021,2071,5,addRecipesDyefood
738,3-5-2021,2071,5,isBreedingItem
739,3-5-2021,2071,5,setInventorySlotContents
740,3-5-2021,2071,5,addRecipesWeapon
741,3-5-2021,2071,5,updateLeashedState
742,3-5-2021,2071,5,canBeSteered
743,3-5-2021,2071,5,canMineBlock
744,3-5-2021,2071,5,addRecipesCrafting
745,3-5-2021,2071,5,canBeSteered
746,3-5-2021,2071,5,fall
747,3-5-2021,2071,5,getEntityToAttack
748,3-5-2021,2071,5,matches
749,3-5-2021,2071,5,fall
750,3-5-2021,2071,5,canBeSteered
751,3-5-2021,2071,5,doesContainerItemLeaveCraftingGrid
752,3-5-2021,2071,5,dropFewItems
753,3-5-2021,2071,5,getCraftingResult
754,3-5-2021,2071,5,initCraftableStats
755,3-5-2021,2071,5,attemptDamageItem
756,3-5-2021,2071,5,canMineBlock
757,3-5-2021,2071,5,initCraftableStats
758,3-5-2021,2071,5,getCraftingResult
759,3-5-2021,2071,5,applyArmorCalculations
760,3-5-2021,2071,5,addRecipesDye
761,3-5-2021,2071,5,findPlayerToAttack
762,3-5-2021,2071,5,fall
763,3-5-2021,2071,5,isBreedingItem
764,3-5-2021,2071,5,displayGUIWorkbench
765,3-5-2021,2071,5,procreate
766,3-5-2021,2071,5,procreate
767,3-5-2021,2071,5,canBeSteered
768,3-5-2021,2071,5,doesContainerItemLeaveCraftingGrid
769,3-5-2021,2071,5,isInLove
770,3-5-2021,2071,5,addRecipesCrafting
771,3-5-2021,2071,5,addRecipesDyefood
772,3-5-2021,2071,5,dropFewItems
773,3-5-2021,2071,5,matches
774,3-5-2021,2071,5,isBreedingItem
775,3-5-2021,2071,5,procreate
776,3-5-2021,2071,5,dropFewItems
777,3-5-2021,2071,5,addRecipesDye
778,3-5-2021,2071,5,dropFewItems
779,3-5-2021,2071,5,canBeSteered
780,3-5-2021,2071,5,displayGUIWorkbench
781,3-5-2021,2071,5,renderCrossedSquares
782,3-5-2021,2071,5,addRecipesWeapon
783,3-5-2021,2071,5,onKillEntity
784,3-5-2021,2071,5,setInventorySlotContents
785,3-5-2021,2071,5,onCrafting
786,3-5-2021,2071,5,initCraftableStats
787,3-5-2021,2071,5,canMineBlock
788,3-5-2021,2071,5,addRecipesTool
789,3-5-2021,2071,5,addRecipesDye
790,3-5-2021,2071,5,dropFewItems
791,3-5-2021,2071,5,renderCrossedSquares
792,3-5-2021,2071,5,canBeSteered
793,3-5-2021,2071,5,updateLeashedState
794,3-5-2021,2071,5,setInventorySlotContents
795,3-5-2021,2071,5,canMineBlock
796,3-5-2021,2071,5,procreate
797,3-5-2021,2071,5,displayGUIWorkbench
798,3-5-2021,2071,5,addRecipesDyefood
799,3-5-2021,2071,5,setInventorySlotContents
800,3-5-2021,2071,5,addRecipesWeapon
801,3-5-2021,2071,5,setInventorySlotContents
802,3-5-2021,2071,5,miningPlayerEntId
803,3-5-2021,2071,5,canBeSteered
804,3-5-2021,2071,5,canBeSteered
805,3-5-2021,2071,5,attemptDamageItem
806,3-5-2021,2071,5,addRecipesWeapon
807,3-5-2021,2071,5,fall
808,3-5-2021,2071,5,fall
809,3-5-2021,2071,5,canMineBlock
810,3-5-2021,2071,5,canBeSteered
811,3-5-2021,2071,5,procreate
812,3-5-2021,2071,5,onCrafting
813,3-5-2021,2071,5,canMineBlock
814,3-5-2021,2071,5,onKillEntity
815,3-5-2021,2071,5,renderCrossedSquares
816,3-5-2021,2071,5,addRecipesDyefood
817,3-5-2021,2071,5,addRecipesIngot
818,3-5-2021,2071,5,canBeSteered
819,3-5-2021,2071,5,matches
820,3-5-2021,2071,5,canPickUpLoot
821,3-5-2021,2071,5,getCraftingResult
822,3-5-2021,2071,5,findPlayerToAttack
823,3-5-2021,2071,5,matches
824,3-5-2021,2071,5,addRecipesDyefood
825,3-5-2021,2071,5,onCrafting
826,3-5-2021,2071,5,onCrafting
827,3-5-2021,2071,5,isInLove
828,3-5-2021,2071,5,aquaAffinity
829,3-5-2021,2071,5,applyArmorCalculations
830,3-5-2021,2071,5,getCraftingResult
831,3-5-2021,2071,5,initCraftableStats
832,3-5-2021,2071,5,canBeSteered
833,3-5-2021,2071,5,aquaAffinity
834,3-5-2021,2071,5,updateLeashedState
835,3-5-2021,2071,5,procreate
836,3-5-2021,2071,5,isInLove
837,3-5-2021,2071,5,matches
838,3-5-2021,2071,5,doesContainerItemLeaveCraftingGrid
839,3-5-2021,2071,5,onCrafting
840,3-5-2021,2071,5,getCraftingResult
841,3-5-2021,2071,5,canMineBlock
842,3-5-2021,2071,5,addRecipesCrafting
843,3-5-2021,2071,5,addRecipesCrafting
844,3-5-2021,2071,5,isInLove
845,3-5-2021,2071,5,addRecipesDye
846,3-5-2021,2071,5,miningPlayerEntId
847,3-5-2021,2071,5,procreate
848,3-5-2021,2071,5,addRecipesIngot
849,3-5-2021,2071,5,applyArmorCalculations
850,3-5-2021,2071,5,fall
851,3-5-2021,2071,5,renderCrossedSquares
852,3-5-2021,2071,5,addRecipesCrafting
853,3-5-2021,2071,5,procreate
854,3-5-2021,2071,5,findPlayerToAttack
855,3-5-2021,2071,5,addRecipesIngot
856,3-5-2021,2071,5,fall
857,3-5-2021,2071,5,canBeSteered
858,3-5-2021,2071,5,addRecipesCrafting
859,3-5-2021,2071,5,setInventorySlotContents
860,3-5-2021,2071,5,canMineBlock
861,3-5-2021,2071,5,getEntityToAttack
862,3-5-2021,2071,5,getEntityToAttack
863,3-5-2021,2071,5,fall
864,3-5-2021,2071,5,canPickUpLoot
865,3-5-2021,2071,5,dropFewItems
866,3-5-2021,2071,5,matches
867,3-5-2021,2071,5,procreate
868,3-5-2021,2071,5,dropFewItems
869,3-5-2021,2071,5,procreate
870,3-5-2021,2071,5,getEntityToAttack
871,3-5-2021,2071,5,dropFewItems
872,3-5-2021,2071,5,miningPlayerEntId
873,3-5-2021,2071,5,onCrafting
874,3-5-2021,2071,5,renderCrossedSquares
875,3-5-2021,2071,5,getEntityToAttack
876,3-5-2021,2071,5,fall
877,3-5-2021,2071,5,canBeSteered
878,3-5-2021,2071,5,onKillEntity
879,3-5-2021,2071,5,isInLove
880,3-5-2021,2071,5,attemptDamageItem
881,3-5-2021,2071,5,addRecipesDyefood
882,3-5-2021,2071,5,addRecipesWeapon
883,3-5-2021,2071,5,isBreedingItem
884,3-5-2021,2071,5,matches
885,3-5-2021,2071,5,getEntityToAttack
886,3-5-2021,2071,5,fall
887,3-5-2021,2071,5,setInventorySlotContents
888,3-5-2021,2071,5,canPickUpLoot
889,3-5-2021,2071,5,fall
890,3-5-2021,2071,5,isBreedingItem
891,3-5-2021,2071,5,aquaAffinity
892,3-5-2021,2071,5,addRecipesDyefood
893,3-5-2021,2071,5,dropFewItems
894,3-5-2021,2071,5,getEntityToAttack
895,3-5-2021,2071,5,isBreedingItem
896,3-5-2021,2071,5,attemptDamageItem
897,3-5-2021,2071,5,attemptDamageItem
898,3-5-2021,2071,5,fall
899,3-5-2021,2071,5,addRecipesCrafting
900,4-5-2021,2071,5,onCrafting
901,4-5-2021,2071,5,initCraftableStats
902,4-5-2021,2071,5,isBreedingItem
903,4-5-2021,2071,5,displayGUIWorkbench
904,4-5-2021,2071,5,aquaAffinity
905,4-5-2021,2071,5,onCrafting
906,4-5-2021,2071,5,displayGUIWorkbench
907,4-5-2021,2071,5,doesContainerItemLeaveCraftingGrid
908,4-5-2021,2071,5,addRecipesTool
909,4-5-2021,2071,5,findPlayerToAttack
910,4-5-2021,2071,5,fall
911,4-5-2021,2071,5,applyArmorCalculations
912,4-5-2021,2071,5,matches
913,4-5-2021,2071,5,fall
914,4-5-2021,2071,5,setInventorySlotContents
915,4-5-2021,2071,5,fall
916,4-5-2021,2071,5,addRecipesWeapon
917,4-5-2021,2071,5,addRecipesDyefood
918,4-5-2021,2071,5,canBeSteered
919,4-5-2021,2071,5,dropFewItems
920,4-5-2021,2071,5,addRecipesWeapon
921,4-5-2021,2071,5,setInventorySlotContents
922,4-5-2021,2071,5,applyArmorCalculations
923,4-5-2021,2071,5,canMineBlock
924,4-5-2021,2071,5,doesContainerItemLeaveCraftingGrid
925,4-5-2021,2071,5,canBeSteered
926,4-5-2021,2071,5,attemptDamageItem
927,4-5-2021,2071,5,applyArmorCalculations
928,4-5-2021,2071,5,attemptDamageItem
929,4-5-2021,2071,5,addRecipesIngot
930,4-5-2021,2071,5,addRecipesDyefood
931,4-5-2021,2071,5,getCraftingResult
932,4-5-2021,2071,5,fall
933,4-5-2021,2071,5,updateLeashedState
934,4-5-2021,2071,5,addRecipesIngot
935,4-5-2021,2071,5,onCrafting
936,4-5-2021,2071,5,matches
937,4-5-2021,2071,5,canMineBlock
938,4-5-2021,2071,5,addRecipesIngot
939,4-5-2021,2071,5,addRecipesCrafting
940,4-5-2021,2071,5,onKillEntity
941,4-5-2021,2071,5,applyArmorCalculations
942,4-5-2021,2071,5,onKillEntity
943,4-5-2021,2071,5,canPickUpLoot
944,4-5-2021,2071,5,doesContainerItemLeaveCraftingGrid
945,4-5-2021,2071,5,applyArmorCalculations
946,4-5-2021,2071,5,getEntityToAttack
947,4-5-2021,2071,5,initCraftableStats
948,4-5-2021,2071,5,canMineBlock
949,4-5-2021,2071,5,procreate
950,4-5-2021,2071,5,displayGUIWorkbench
951,4-5-2021,2071,5,initCraftableStats
952,4-5-2021,2071,5,miningPlayerEntId
953,4-5-2021,2071,5,aquaAffinity
954,4-5-2021,2071,5,getEntityToAttack
955,4-5-2021,2071,5,addRecipesDye
956,4-5-2021,2071,5,canBeSteered
957,4-5-2021,2071,5,onCrafting
958,4-5-2021,2071,5,addRecipesIngot
959,4-5-2021,2071,5,doesContainerItemLeaveCraftingGrid
960,4-5-2021,2071,5,onCrafting
961,4-5-2021,2071,5,displayGUIWorkbench
962,4-5-2021,2071,5,matches
963,4-5-2021,2071,5,addRecipesTool
964,4-5-2021,2071,5,miningPlayerEntId
965,4-5-2021,2071,5,renderCrossedSquares
966,4-5-2021,2071,5,attemptDamageItem
967,4-5-2021,2071,5,onKillEntity
968,4-5-2021,2071,5,setInventorySlotContents
969,4-5-2021,2071,5,fall
970,4-5-2021,2071,5,addRecipesTool
971,4-5-2021,2071,5,canBeSteered
972,4-5-2021,2071,5,onCrafting
973,4-5-2021,2071,5,onCrafting
974,4-5-2021,2071,5,initCraftableStats
975,4-5-2021,2071,5,canPickUpLoot
976,4-5-2021,2071,5,isInLove
977,4-5-2021,2071,5,getCraftingResult
978,4-5-2021,2071,5,procreate
979,4-5-2021,2071,5,applyArmorCalculations
980,4-5-2021,2071,5,findPlayerToAttack
981,4-5-2021,2071,5,getEntityToAttack
982,4-5-2021,2071,5,fall
983,4-5-2021,2071,5,addRecipesDyefood
984,4-5-2021,2071,5,updateLeashedState
985,4-5-2021,2071,5,addRecipesIngot
986,4-5-2021,2071,5,procreate
987,4-5-2021,2071,5,canMineBlock
988,4-5-2021,2071,5,setInventorySlotContents
989,4-5-2021,2071,5,canBeSteered
990,4-5-2021,2071,5,canMineBlock
991,4-5-2021,2071,5,canPickUpLoot
992,4-5-2021,2071,5,addRecipesDyefood
993,4-5-2021,2071,5,getCraftingResult
994,4-5-2021,2071,5,miningPlayerEntId
995,4-5-2021,2071,5,attemptDamageItem
996,4-5-2021,2071,5,addRecipesDyefood
997,4-5-2021,2071,5,findPlayerToAttack
998,4-5-2021,2071,5,getCraftingResult
999,4-5-2021,2071,5,fall
1000,4-5-2021,2071,5,addRecipesDyefood
1001,4-5-2021,2071,5,doesContainerItemLeaveCraftingGrid
1002,4-5-2021,2071,5,fall
1003,4-5-2021,2071,5,onCrafting
1004,4-5-2021,2071,5,renderCrossedSquares
1005,4-5-2021,2071,5,addRecipesDyefood
1006,4-5-2021,2071,5,applyArmorCalculations
1007,4-5-2021,2071,5,isInLove
1008,4-5-2021,2071,5,fall
1009,4-5-2021,2071,5,canMineBlock
1010,4-5-2021,2071,5,dropFewItems
1011,4-5-2021,2071,5,addRecipesWeapon
1012,4-5-2021,2071,5,isBreedingItem
1013,4-5-2021,2071,5,fall
1014,4-5-2021,2071,5,isBreedingItem
1015,4-5-2021,2071,5,initCraftableStats
1016,4-5-2021,2071,5,fall
1017,4-5-2021,2071,5,matches
1018,4-5-2021,2071,5,displayGUIWorkbench
1019,4-5-2021,2071,5,addRecipesIngot
1020,4-5-2021,2071,5,isInLove
1021,4-5-2021,2071,5,fall
1022,4-5-2021,2071,5,canPickUpLoot
1023,4-5-2021,2071,5,setInventorySlotContents
1024,4-5-2021,2071,5,displayGUIWorkbench
1025,4-5-2021,2071,5,addRecipesWeapon
1026,4-5-2021,2071,5,canBeSteered
1027,4-5-2021,2071,5,canBeSteered
1028,4-5-2021,2071,5,displayGUIWorkbench
1029,4-5-2021,2071,5,addRecipesCrafting
1030,4-5-2021,2071,5,renderCrossedSquares
1031,4-5-2021,2071,5,isBreedingItem
1032,4-5-2021,2071,5,onCrafting
1033,4-5-2021,2071,5,renderCrossedSquares
1034,4-5-2021,2071,5,matches
1035,4-5-2021,2071,5,matches
1036,4-5-2021,2071,5,setInventorySlotContents
1037,4-5-2021,2071,5,findPlayerToAttack
1038,4-5-2021,2071,5,initCraftableStats
1039,4-5-2021,2071,5,updateLeashedState
1040,4-5-2021,2071,5,renderCrossedSquares
1041,4-5-2021,2071,5,fall
1042,4-5-2021,2071,5,findPlayerToAttack
1043,4-5-2021,2071,5,onCrafting
1044,4-5-2021,2071,5,addRecipesTool
1045,4-5-2021,2071,5,isBreedingItem
1046,4-5-2021,2071,5,fall
1047,4-5-2021,2071,5,addRecipesCrafting
1048,4-5-2021,2071,5,setInventorySlotContents
1049,4-5-2021,2071,5,setInventorySlotContents
1050,4-5-2021,2071,5,procreate
1051,4-5-2021,2071,5,doesContainerItemLeaveCraftingGrid
1052,4-5-2021,2071,5,addRecipesIngot
1053,4-5-2021,2071,5,addRecipesTool
1054,4-5-2021,2071,5,findPlayerToAttack
1055,4-5-2021,2071,5,getCraftingResult
1056,4-5-2021,2071,5,doesContainerItemLeaveCraftingGrid
1057,4-5-2021,2071,5,isInLove
1058,4-5-2021,2071,5,displayGUIWorkbench
1059,4-5-2021,2071,5,getEntityToAttack
1060,4-5-2021,2071,5,aquaAffinity
1061,4-5-2021,2071,5,onCrafting
1062,4-5-2021,2071,5,attemptDamageItem
1063,4-5-2021,2071,5,getEntityToAttack
1064,4-5-2021,2071,5,setInventorySlotContents
1065,4-5-2021,2071,5,applyArmorCalculations
1066,4-5-2021,2071,5,getEntityToAttack
1067,4-5-2021,2071,5,matches
1068,4-5-2021,2071,5,addRecipesIngot
1069,4-5-2021,2071,5,procreate
1070,4-5-2021,2071,5,isInLove
1071,4-5-2021,2071,5,updateLeashedState
1072,4-5-2021,2071,5,dropFewItems
1073,4-5-2021,2071,5,attemptDamageItem
1074,4-5-2021,2071,5,isBreedingItem
1075,4-5-2021,2071,5,addRecipesDyefood
1076,4-5-2021,2071,5,canPickUpLoot
1077,4-5-2021,2071,5,addRecipesCrafting
1078,4-5-2021,2071,5,addRecipesWeapon
1079,4-5-2021,2071,5,isBreedingItem
1080,4-5-2021,2071,5,initCraftableStats
1081,4-5-2021,2071,5,setInventorySlotContents
1082,4-5-2021,2071,5,aquaAffinity
1083,4-5-2021,2071,5,initCraftableStats
1084,4-5-2021,2071,5,addRecipesWeapon
1085,4-5-2021,2071,5,canPickUpLoot
1086,4-5-2021,2071,5,aquaAffinity
1087,4-5-2021,2071,5,miningPlayerEntId
1088,4-5-2021,2071,5,canBeSteered
1089,4-5-2021,2071,5,findPlayerToAttack
1090,4-5-2021,2071,5,renderCrossedSquares
1091,4-5-2021,2071,5,dropFewItems
1092,4-5-2021,2071,5,setInventorySlotContents
1093,4-5-2021,2071,5,renderCrossedSquares
1094,4-5-2021,2071,5,addRecipesIngot
1095,4-5-2021,2071,5,setInventorySlotContents
1096,4-5-2021,2071,5,canPickUpLoot
1097,4-5-2021,2071,5,attemptDamageItem
1098,4-5-2021,2071,5,addRecipesWeapon
1099,4-5-2021,2071,5,fall
1100,4-5-2021,2071,5,attemptDamageItem
1101,4-5-2021,2071,5,initCraftableStats
1102,4-5-2021,2071,5,canMineBlock
1103,4-5-2021,2071,5,initCraftableStats
1104,4-5-2021,2071,5,updateLeashedState
1105,4-5-2021,2071,5,dropFewItems
1106,4-5-2021,2071,5,addRecipesTool
1107,4-5-2021,2071,5,isBreedingItem
1108,4-5-2021,2071,5,getEntityToAttack
1109,4-5-2021,2071,5,onKillEntity
1110,4-5-2021,2071,5,doesContainerItemLeaveCraftingGrid
1111,4-5-2021,2071,5,addRecipesCrafting
1112,4-5-2021,2071,5,addRecipesDye
1113,4-5-2021,2071,5,fall
1114,4-5-2021,2071,5,getEntityToAttack
1115,4-5-2021,2071,5,renderCrossedSquares
1116,4-5-2021,2071,5,addRecipesWeapon
1117,4-5-2021,2071,5,addRecipesCrafting
1118,4-5-2021,2071,5,addRecipesDyefood
1119,4-5-2021,2071,5,onKillEntity
1120,4-5-2021,2071,5,canPickUpLoot
1121,4-5-2021,2071,5,fall
1122,4-5-2021,2071,5,addRecipesTool
1123,4-5-2021,2071,5,findPlayerToAttack
1124,4-5-2021,2071,5,addRecipesWeapon
1125,4-5-2021,2071,5,findPlayerToAttack
1126,4-5-2021,2071,5,addRecipesTool
1127,4-5-2021,2071,5,addRecipesDye
1128,4-5-2021,2071,5,addRecipesIngot
1129,4-5-2021,2071,5,onCrafting
1130,4-5-2021,2071,5,addRecipesDye
1131,4-5-2021,2071,5,dropFewItems
1132,4-5-2021,2071,5,getEntityToAttack
1133,4-5-2021,2071,5,displayGUIWorkbench
1134,4-5-2021,2071,5,isBreedingItem
1135,4-5-2021,2071,5,updateLeashedState
1136,4-5-2021,2071,5,setInventorySlotContents
1137,4-5-2021,2071,5,miningPlayerEntId
1138,4-5-2021,2071,5,aquaAffinity
1139,4-5-2021,2071,5,canPickUpLoot
1140,4-5-2021,2071,5,setInventorySlotContents
1141,4-5-2021,2071,5,onKillEntity
1142,4-5-2021,2071,5,canBeSteered
1143,4-5-2021,2071,5,dropFewItems
1144,4-5-2021,2071,5,getCraftingResult
1145,4-5-2021,2071,5,setInventorySlotContents
1146,4-5-2021,2071,5,addRecipesDye
1147,4-5-2021,2071,5,attemptDamageItem
1148,4-5-2021,2071,5,fall
1149,4-5-2021,2071,5,attemptDamageItem
1150,4-5-2021,2071,5,canPickUpLoot
1151,4-5-2021,2071,5,onCrafting
1152,4-5-2021,2071,5,setInventorySlotContents
1153,4-5-2021,2071,5,addRecipesIngot
1154,4-5-2021,2071,5,aquaAffinity
1155,4-5-2021,2071,5,miningPlayerEntId
1156,4-5-2021,2071,5,attemptDamageItem
1157,4-5-2021,2071,5,renderCrossedSquares
1158,4-5-2021,2071,5,dropFewItems
1159,4-5-2021,2071,5,addRecipesDye
1160,4-5-2021,2071,5,onCrafting
1161,4-5-2021,2071,5,fall
1162,4-5-2021,2071,5,fall
1163,4-5-2021,2071,5,addRecipesDyefood
1164,4-5-2021,2071,5,canBeSteered
1165,4-5-2021,2071,5,isInLove
1166,4-5-2021,2071,5,initCraftableStats
1167,4-5-2021,2071,5,procreate
1168,4-5-2021,2071,5,canMineBlock
1169,4-5-2021,2071,5,applyArmorCalculations
1170,4-5-2021,2071,5,aquaAffinity
1171,4-5-2021,2071,5,initCraftableStats
1172,4-5-2021,2071,5,dropFewItems
1173,4-5-2021,2071,5,attemptDamageItem
1174,4-5-2021,2071,5,onKillEntity
1175,4-5-2021,2071,5,matches
1176,4-5-2021,2071,5,miningPlayerEntId
1177,4-5-2021,2071,5,onKillEntity
1178,4-5-2021,2071,5,canPickUpLoot
1179,4-5-2021,2071,5,aquaAffinity
1180,4-5-2021,2071,5,addRecipesDye
1181,4-5-2021,2071,5,addRecipesCrafting
1182,4-5-2021,2071,5,canMineBlock
1183,4-5-2021,2071,5,onCrafting
1184,4-5-2021,2071,5,canPickUpLoot
1185,4-5-2021,2071,5,getEntityToAttack
1186,4-5-2021,2071,5,canMineBlock
1187,4-5-2021,2071,5,addRecipesTool
1188,4-5-2021,2071,5,initCraftableStats
1189,4-5-2021,2071,5,renderCrossedSquares
1190,4-5-2021,2071,5,addRecipesCrafting
1191,4-5-2021,2071,5,aquaAffinity
1192,4-5-2021,2071,5,isInLove
1193,4-5-2021,2071,5,addRecipesWeapon
1194,4-5-2021,2071,5,matches
1195,4-5-2021,2071,5,attemptDamageItem
1196,4-5-2021,2071,5,canPickUpLoot
1197,4-5-2021,2071,5,miningPlayerEntId
1198,4-5-2021,2071,5,initCraftableStats
1199,4-5-2021,2071,5,renderCrossedSquares
1200,5-5-2021,2071,5,isInLove
1201,5-5-2021,2071,5,addRecipesCrafting
1202,5-5-2021,2071,5,onKillEntity
1203,5-5-2021,2071,5,addRecipesWeapon
1204,5-5-2021,2071,5,miningPlayerEntId
1205,5-5-2021,2071,5,findPlayerToAttack
1206,5-5-2021,2071,5,isInLove
1207,5-5-2021,2071,5,onCrafting
1208,5-5-2021,2071,5,updateLeashedState
1209,5-5-2021,2071,5,isBreedingItem
1210,5-5-2021,2071,5,matches
1211,5-5-2021,2071,5,renderCrossedSquares
1212,5-5-2021,2071,5,isBreedingItem
1213,5-5-2021,2071,5,onKillEntity
1214,5-5-2021,2071,5,displayGUIWorkbench
1215,5-5-2021,2071,5,onCrafting
1216,5-5-2021,2071,5,canMineBlock
1217,5-5-2021,2071,5,getEntityToAttack
1218,5-5-2021,2071,5,addRecipesDyefood
1219,5-5-2021,2071,5,procreate
1220,5-5-2021,2071,5,isInLove
1221,5-5-2021,2071,5,onCrafting
1222,5-5-2021,2071,5,addRecipesDyefood
1223,5-5-2021,2071,5,canBeSteered
1224,5-5-2021,2071,5,dropFewItems
1225,5-5-2021,2071,5,addRecipesDye
1226,5-5-2021,2071,5,initCraftableStats
1227,5-5-2021,2071,5,canBeSteered
1228,5-5-2021,2071,5,attemptDamageItem
1229,5-5-2021,2071,5,findPlayerToAttack
1230,5-5-2021,2071,5,fall
1231,5-5-2021,2071,5,addRecipesTool
1232,5-5-2021,2071,5,addRecipesDyefood
1233,5-5-2021,2071,5,procreate
1234,5-5-2021,2071,5,findPlayerToAttack
1235,5-5-2021,2071,5,canBeSteered
1236,5-5-2021,2071,5,miningPlayerEntId
1237,5-5-2021,2071,5,onCrafting
1238,5-5-2021,2071,5,addRecipesWeapon
1239,5-5-2021,2071,5,getEntityToAttack
1240,5-5-2021,2071,5,addRecipesTool
1241,5-5-2021,2071,5,miningPlayerEntId
1242,5-5-2021,2071,5,updateLeashedState
1243,5-5-2021,2071,5,initCraftableStats
1244,5-5-2021,2071,5,aquaAffinity
1245,5-5-2021,2071,5,addRecipesDyefood
1246,5-5-2021,2071,5,canPickUpLoot
1247,5-5-2021,2071,5,dropFewItems
1248,5-5-2021,2071,5,initCraftableStats
1249,5-5-2021,2071,5,dropFewItems
1250,5-5-2021,2071,5,isInLove
1251,5-5-2021,2071,5,fall
1252,5-5-2021,2071,5,onCrafting
1253,5-5-2021,2071,5,onKillEntity
1254,5-5-2021,2071,5,setInventorySlotContents
1255,5-5-2021,2071,5,addRecipesDye
1256,5-5-2021,2071,5,aquaAffinity
1257,5-5-2021,2071,5,canBeSteered
1258,5-5-2021,2071,5,canPickUpLoot
1259,5-5-2021,2071,5,addRecipesDyefood
1260,5-5-2021,2071,5,onKillEntity
1261,5-5-2021,2071,5,applyArmorCalculations
1262,5-5-2021,2071,5,canMineBlock
1263,5-5-2021,2071,5,procreate
1264,5-5-2021,2071,5,addRecipesIngot
1265,5-5-2021,2071,5,getEntityToAttack
1266,5-5-2021,2071,5,applyArmorCalculations
1267,5-5-2021,2071,5,initCraftableStats
1268,5-5-2021,2071,5,initCraftableStats
1269,5-5-2021,2071,5,addRecipesDyefood
1270,5-5-2021,2071,5,onCrafting
1271,5-5-2021,2071,5,addRecipesWeapon
1272,5-5-2021,2071,5,fall
1273,5-5-2021,2071,5,addRecipesIngot
1274,5-5-2021,2071,5,addRecipesTool
1275,5-5-2021,2071,5,canMineBlock
1276,5-5-2021,2071,5,updateLeashedState
1277,5-5-2021,2071,5,addRecipesCrafting
1278,5-5-2021,2071,5,addRecipesCrafting
1279,5-5-2021,2071,5,dropFewItems
1280,5-5-2021,2071,5,addRecipesDyefood
1281,5-5-2021,2071,5,procreate
1282,5-5-2021,2071,5,canBeSteered
1283,5-5-2021,2071,5,miningPlayerEntId
1284,5-5-2021,2071,5,onKillEntity
1285,5-5-2021,2071,5,dropFewItems
1286,5-5-2021,2071,5,procreate
1287,5-5-2021,2071,5,canMineBlock
1288,5-5-2021,2071,5,onKillEntity
1289,5-5-2021,2071,5,aquaAffinity
1290,5-5-2021,2071,5,getEntityToAttack
1291,5-5-2021,2071,5,aquaAffinity
1292,5-5-2021,2071,5,isInLove
1293,5-5-2021,2071,5,addRecipesCrafting
1294,5-5-2021,2071,5,doesContainerItemLeaveCraftingGrid
1295,5-5-2021,2071,5,isInLove
1296,5-5-2021,2071,5,displayGUIWorkbench
1297,5-5-2021,2071,5,updateLeashedState
1298,5-5-2021,2071,5,canBeSteered
1299,5-5-2021,2071,5,doesContainerItemLeaveCraftingGrid
1300,5-5-2021,2071,5,isInLove
1301,5-5-2021,2071,5,initCraftableStats
1302,5-5-2021,2071,5,fall
1303,5-5-2021,2071,5,applyArmorCalculations
1304,5-5-2021,2071,5,getEntityToAttack
1305,5-5-2021,2071,5,addRecipesIngot
1306,5-5-2021,2071,5,addRecipesTool
1307,5-5-2021,2071,5,applyArmorCalculations
1308,5-5-2021,2071,5,miningPlayerEntId
1309,5-5-2021,2071,5,applyArmorCalculations
1310,5-5-2021,2071,5,findPlayerToAttack
1311,5-5-2021,2071,5,applyArmorCalculations
1312,5-5-2021,2071,5,displayGUIWorkbench
1313,5-5-2021,2071,5,setInventorySlotContents
1314,5-5-2021,2071,5,findPlayerToAttack
1315,5-5-2021,2071,5,isInLove
1316,5-5-2021,2071,5,canPickUpLoot
1317,5-5-2021,2071,5,addRecipesCrafting
1318,5-5-2021,2071,5,onKillEntity
1319,5-5-2021,2071,5,procreate
1320,5-5-2021,2071,5,displayGUIWorkbench
1321,5-5-2021,2071,5,initCraftableStats
1322,5-5-2021,2071,5,updateLeashedState
1323,5-5-2021,2071,5,canPickUpLoot
1324,5-5-2021,2071,5,displayGUIWorkbench
1325,5-5-2021,2071,5,matches
1326,5-5-2021,2071,5,getEntityToAttack
1327,5-5-2021,2071,5,onKillEntity
1328,5-5-2021,2071,5,canMineBlock
1329,5-5-2021,2071,5,addRecipesTool
1330,5-5-2021,2071,5,addRecipesIngot
1331,5-5-2021,2071,5,renderCrossedSquares
1332,5-5-2021,2071,5,miningPlayerEntId
1333,5-5-2021,2071,5,aquaAffinity
1334,5-5-2021,2071,5,addRecipesIngot
1335,5-5-2021,2071,5,findPlayerToAttack
1336,5-5-2021,2071,5,fall
1337,5-5-2021,2071,5,addRecipesIngot
1338,5-5-2021,2071,5,addRecipesCrafting
1339,5-5-2021,2071,5,initCraftableStats
1340,5-5-2021,2071,5,procreate
1341,5-5-2021,2071,5,isInLove
1342,5-5-2021,2071,5,addRecipesTool
1343,5-5-2021,2071,5,canBeSteered
1344,5-5-2021,2071,5,addRecipesCrafting
1345,5-5-2021,2071,5,canPickUpLoot
1346,5-5-2021,2071,5,fall
1347,5-5-2021,2071,5,isInLove
1348,5-5-2021,2071,5,procreate
1349,5-5-2021,2071,5,aquaAffinity
1350,5-5-2021,2071,5,aquaAffinity
1351,5-5-2021,2071,5,matches
1352,5-5-2021,2071,5,isInLove
1353,5-5-2021,2071,5,attemptDamageItem
1354,5-5-2021,2071,5,displayGUIWorkbench
1355,5-5-2021,2071,5,addRecipesDye
1356,5-5-2021,2071,5,displayGUIWorkbench
1357,5-5-2021,2071,5,miningPlayerEntId
1358,5-5-2021,2071,5,renderCrossedSquares
1359,5-5-2021,2071,5,addRecipesDyefood
1360,5-5-2021,2071,5,addRecipesTool
1361,5-5-2021,2071,5,renderCrossedSquares
1362,5-5-2021,2071,5,addRecipesCrafting
1363,5-5-2021,2071,5,procreate
1364,5-5-2021,2071,5,miningPlayerEntId
1365,5-5-2021,2071,5,miningPlayerEntId
1366,5-5-2021,2071,5,addRecipesCrafting
1367,5-5-2021,2071,5,updateLeashedState
1368,5-5-2021,2071,5,displayGUIWorkbench
1369,5-5-2021,2071,5,doesContainerItemLeaveCraftingGrid
1370,5-5-2021,2071,5,initCraftableStats
1371,5-5-2021,2071,5,addRecipesIngot
1372,5-5-2021,2071,5,miningPlayerEntId
1373,5-5-2021,2071,5,addRecipesDye
1374,5-5-2021,2071,5,isInLove
1375,5-5-2021,2071,5,fall
1376,5-5-2021,2071,5,addRecipesIngot
1377,5-5-2021,2071,5,initCraftableStats
1378,5-5-2021,2071,5,displayGUIWorkbench
1379,5-5-2021,2071,5,dropFewItems
1380,5-5-2021,2071,5,onKillEntity
1381,5-5-2021,2071,5,setInventorySlotContents
1382,5-5-2021,2071,5,findPlayerToAttack
1383,5-5-2021,2071,5,isBreedingItem
1384,5-5-2021,2071,5,onKillEntity
1385,5-5-2021,2071,5,addRecipesWeapon
1386,5-5-2021,2071,5,addRecipesDyefood
1387,5-5-2021,2071,5,addRecipesCrafting
1388,5-5-2021,2071,5,canMineBlock
1389,5-5-2021,2071,5,findPlayerToAttack
1390,5-5-2021,2071,5,onCrafting
1391,5-5-2021,2071,5,attemptDamageItem
1392,5-5-2021,2071,5,addRecipesCrafting
1393,5-5-2021,2071,5,onKillEntity
1394,5-5-2021,2071,5,canMineBlock
1395,5-5-2021,2071,5,displayGUIWorkbench
1396,5-5-2021,2071,5,findPlayerToAttack
1397,5-5-2021,2071,5,addRecipesWeapon
1398,5-5-2021,2071,5,doesContainerItemLeaveCraftingGrid
1399,5-5-2021,2071,5,setInventorySlotContents
1400,5-5-2021,2071,5,miningPlayerEntId
1401,5-5-2021,2071,5,doesContainerItemLeaveCraftingGrid
1402,5-5-2021,2071,5,fall
1403,5-5-2021,2071,5,aquaAffinity
1404,5-5-2021,2071,5,procreate
1405,5-5-2021,2071,5,fall
1406,5-5-2021,2071,5,setInventorySlotContents
1407,5-5-2021,2071,5,onCrafting
1408,5-5-2021,2071,5,initCraftableStats
1409,5-5-2021,2071,5,canPickUpLoot
1410,5-5-2021,2071,5,addRecipesIngot
1411,5-5-2021,2071,5,dropFewItems
1412,5-5-2021,2071,5,canMineBlock
1413,5-5-2021,2071,5,getCraftingResult
1414,5-5-2021,2071,5,setInventorySlotContents
1415,5-5-2021,2071,5,fall
1416,5-5-2021,2071,5,isBreedingItem
1417,5-5-2021,2071,5,addRecipesDye
1418,5-5-2021,2071,5,canPickUpLoot
1419,5-5-2021,2071,5,findPlayerToAttack
1420,5-5-2021,2071,5,canBeSteered
1421,5-5-2021,2071,5,addRecipesWeapon
1422,5-5-2021,2071,5,fall
1423,5-5-2021,2071,5,canPickUpLoot
1424,5-5-2021,2071,5,addRecipesDyefood
1425,5-5-2021,2071,5,addRecipesWeapon
1426,5-5-2021,2071,5,renderCrossedSquares
1427,5-5-2021,2071,5,onCrafting
1428,5-5-2021,2071,5,updateLeashedState
1429,5-5-2021,2071,5,aquaAffinity
1430,5-5-2021,2071,5,addRecipesCrafting
1431,5-5-2021,2071,5,displayGUIWorkbench
1432,5-5-2021,2071,5,onKillEntity
1433,5-5-2021,2071,5,isInLove
1434,5-5-2021,2071,5,addRecipesCrafting
1435,5-5-2021,2071,5,onCrafting
1436,5-5-2021,2071,5,aquaAffinity
1437,5-5-2021,2071,5,canBeSteered
1438,5-5-2021,2071,5,addRecipesCrafting
1439,5-5-2021,2071,5,matches
1440,5-5-2021,2071,5,getEntityToAttack
1441,5-5-2021,2071,5,isInLove
1442,5-5-2021,2071,5,matches
1443,5-5-2021,2071,5,isBreedingItem
1444,5-5-2021,2071,5,dropFewItems
1445,5-5-2021,2071,5,renderCrossedSquares
1446,5-5-2021,2071,5,addRecipesWeapon
1447,5-5-2021,2071,5,renderCrossedSquares
1448,5-5-2021,2071,5,canPickUpLoot
1449,5-5-2021,2071,5,findPlayerToAttack
1450,5-5-2021,2071,5,addRecipesCrafting
1451,5-5-2021,2071,5,initCraftableStats
1452,5-5-2021,2071,5,displayGUIWorkbench
1453,5-5-2021,2071,5,findPlayerToAttack
1454,5-5-2021,2071,5,fall
1455,5-5-2021,2071,5,canMineBlock
1456,5-5-2021,2071,5,dropFewItems
1457,5-5-2021,2071,5,isBreedingItem
1458,5-5-2021,2071,5,applyArmorCalculations
1459,5-5-2021,2071,5,onCrafting
1460,5-5-2021,2071,5,setInventorySlotContents
1461,5-5-2021,2071,5,procreate
1462,5-5-2021,2071,5,isBreedingItem
1463,5-5-2021,2071,5,setInventorySlotContents
1464,5-5-2021,2071,5,displayGUIWorkbench
1465,5-5-2021,2071,5,isInLove
1466,5-5-2021,2071,5,dropFewItems
1467,5-5-2021,2071,5,isInLove
1468,5-5-2021,2071,5,dropFewItems
1469,5-5-2021,2071,5,findPlayerToAttack
1470,5-5-2021,2071,5,canPickUpLoot
1471,5-5-2021,2071,5,initCraftableStats
1472,5-5-2021,2071,5,updateLeashedState
1473,5-5-2021,2071,5,renderCrossedSquares
1474,5-5-2021,2071,5,dropFewItems
1475,5-5-2021,2071,5,getEntityToAttack
1476,5-5-2021,2071,5,addRecipesWeapon
1477,5-5-2021,2071,5,addRecipesWeapon
1478,5-5-2021,2071,5,renderCrossedSquares
1479,5-5-2021,2071,5,renderCrossedSquares
1480,5-5-2021,2071,5,addRecipesDyefood
1481,5-5-2021,2071,5,isBreedingItem
1482,5-5-2021,2071,5,doesContainerItemLeaveCraftingGrid
1483,5-5-2021,2071,5,onKillEntity
1484,5-5-2021,2071,5,addRecipesTool
1485,5-5-2021,2071,5,aquaAffinity
1486,5-5-2021,2071,5,fall
1487,5-5-2021,2071,5,attemptDamageItem
1488,5-5-2021,2071,5,matches
1489,5-5-2021,2071,5,addRecipesTool
1490,5-5-2021,2071,5,renderCrossedSquares
1491,5-5-2021,2071,5,attemptDamageItem
1492,5-5-2021,2071,5,addRecipesIngot
1493,5-5-2021,2071,5,canPickUpLoot
1494,5-5-2021,2071,5,fall
1495,5-5-2021,2071,5,aquaAffinity
1496,5-5-2021,2071,5,onCrafting
1497,5-5-2021,2071,5,dropFewItems
1498,5-5-2021,2071,5,addRecipesCrafting
1499,5-5-2021,2071,5,aquaAffinity
